,price
12764,90
26758,220
8846,75
48469,159
11936,60
22559,165
5576,174
39810,299
101,175
47478,70
34726,63
29549,170
5081,150
30250,99
30957,48
41279,115
42058,170
14634,140
40996,44
1833,150
33817,130
24661,37
33073,130
33030,259
46400,390
34791,350
33182,160
19004,125
34686,55
47559,50
15866,187
47631,125
48703,150
1547,220
19693,125
3226,120
28941,80
24006,75
40827,52
36496,55
12030,75
22946,315
11170,64
25120,500
41902,39
17509,40
47115,300
32153,150
31478,65
3981,95
37966,200
34227,85
32863,90
27063,90
39157,125
20592,130
42238,62
20263,55
462,89
4448,249
16871,48
26592,80
44367,33
8468,140
35532,85
36520,72
13944,60
25918,49
27010,175
22972,179
16830,99
45912,399
21155,44
22756,259
4901,119
32974,125
45752,275
7252,125
11342,149
211,130
25616,99
44568,63
43019,169
31575,271
1619,75
40912,400
45793,59
38911,63
40253,60
45876,37
31929,215
2037,50
36239,155
45021,100
14437,145
23210,299
8632,290
45010,300
15434,40
15361,112
27006,91
20437,60
38280,175
35863,85
35950,150
24322,45
41386,229
4068,30
48886,200
24249,75
22314,230
10340,75
28304,135
30381,130
4300,95
37180,305
20324,90
91,131
36558,48
35078,250
5446,175
9870,80
11645,180
48728,178
19071,55
20554,147
47275,130
27397,40
44396,149
44459,100
35578,90
30429,75
6884,205
20452,70
14933,79
2814,75
25442,120
12075,175
45773,85
32499,105
22606,145
25258,899
14296,100
19640,265
14226,150
20921,56
43642,200
40533,75
35457,165
12967,100
30789,65
21992,90
3757,65
35778,95
11724,65
19426,534
46516,149
18771,71
23853,183
9808,185
37532,295
29146,50
8992,120
43866,75
3315,142
44570,100
36602,85
5184,117
22053,89
38725,358
28255,80
48061,172
24457,99
29383,72
33314,195
36556,200
24456,40
33828,50
9404,175
32342,100
26893,135
26652,80
22126,79
16383,278
46812,190
23818,50
36673,55
6306,55
40461,90
34877,160
4022,175
31375,55
42471,145
1352,55
44230,203
29067,55
41825,199
2747,100
6880,200
39694,31
6536,175
46093,22
19563,50
3563,98
39161,175
30567,115
16795,139
12925,250
18933,55
31106,140
22549,100
16788,150
45879,447
2209,150
43984,250
42995,55
5288,169
40500,70
48632,39
20575,65
5160,70
6334,225
40333,33
24673,190
24011,70
27272,100
20789,59
19135,799
27605,90
2338,200
26897,165
15510,155
47468,115
4580,54
24146,49
13496,69
29680,49
46914,45
43471,55
42560,150
2124,91
15956,50
13023,85
272,90
30278,225
27390,35
20562,165
28399,41
29222,129
19944,65
1237,36
38721,347
22556,51
3291,149
24629,180
47359,150
35270,80
1881,240
23728,135
47182,78
30707,99
28026,79
9130,80
40992,57
11359,200
27422,30
29537,80
16012,75
45438,140
17235,55
21541,74
37098,140
22829,40
4032,124
13988,70
513,100
10843,80
24461,115
43759,45
16359,150
21117,68
16523,55
32572,50
1320,80
38736,396
21056,98
33209,35
41299,46
43635,250
22655,100
46099,150
4599,150
31855,125
8125,90
44695,123
34159,118
844,55
40609,250
9527,60
2390,200
14203,40
31525,175
39414,54
5390,116
536,85
5979,198
14508,175
6673,119
22262,108
25188,72
38335,714
42289,180
20222,150
5562,69
45726,65
32551,45
3006,100
28968,50
27874,340
12835,110
25597,50
34942,65
47281,100
20869,48
3750,750
23521,55
41061,275
36819,150
13518,200
44142,85
4336,42
9267,80
37390,100
5664,180
47382,100
8346,110
22334,50
33825,65
21659,40
25196,175
22768,55
22644,250
30591,120
37996,248
44877,85
40314,65
16987,65
30147,54
18481,125
35100,245
27011,45
21853,126
5108,50
5360,75
30273,99
34365,200
6173,68
42335,53
12325,200
26534,126
8563,275
41278,65
41141,45
28495,75
24938,84
6257,99
24102,175
23368,120
29087,175
31218,150
7369,193
48700,325
38640,399
35114,250
25764,200
46604,180
32140,32
21256,84
44812,35
48458,95
528,150
4576,195
27102,51
29970,80
113,120
14911,200
31042,199
33490,60
1002,225
13867,46
28943,150
25416,80
38421,70
43254,85
29641,250
48546,63
23964,100
4770,125
37833,147
2641,350
43486,195
19298,95
14416,165
23751,120
27676,130
40809,65
1572,85
13693,60
14538,170
23761,37
27262,80
47250,239
29203,250
42812,65
6125,69
31269,225
22951,200
47861,100
388,110
5830,175
46711,90
16548,36
22050,22
41546,65
19140,275
20868,45
46254,100
2974,99
28672,110
29544,150
16760,65
20600,60
44536,200
41083,250
45286,55
13586,70
10881,300
20099,125
24374,175
24534,290
45178,15
9531,39
6300,100
26170,101
8594,75
46277,51
35710,75
43840,34
40596,49
36261,100
27177,60
21538,40
8579,30
1222,89
35747,174
1865,70
36592,140
42159,30
42015,45
15799,125
40390,50
25860,198
20115,130
11249,500
18564,300
10627,100
31264,299
2114,64
41976,40
28774,20
34629,111
42723,260
18955,40
24315,75
28919,199
11306,125
20190,21
2965,98
13914,45
44523,59
11861,300
38034,219
18483,65
17685,41
16971,110
1396,85
41228,130
37334,89
9611,125
3215,60
5790,95
1479,295
32178,90
17809,90
40274,125
23839,60
24828,80
20616,150
15297,50
15365,150
10514,60
29964,29
21848,600
21282,150
6324,95
47142,80
5461,65
26349,70
25690,350
18668,89
14840,200
30296,95
7866,65
36712,999
26181,160
8117,322
41700,180
21467,125
13046,52
23496,100
13322,150
40618,99
3044,199
18587,250
2311,125
14306,50
42038,55
47097,429
20475,80
26951,90
45596,55
27654,80
4368,100
19498,135
8733,33
34353,737
7486,60
13182,40
23020,26
39014,109
33378,150
21671,125
30907,225
36525,295
1382,199
45357,120
28680,180
42967,35
287,135
6839,65
47162,110
6542,118
13593,120
48441,40
6464,50
45779,79
385,110
12653,450
2161,75
9676,35
14078,169
20078,34
45239,35
45562,225
24856,150
29607,150
5068,100
6705,38
11741,159
1189,68
11197,120
24194,389
18669,97
32583,120
26064,70
45142,275
16446,295
16150,250
44043,314
44175,409
37527,179
20642,85
22310,29
33122,163
11723,60
7488,125
5308,50
407,225
10741,70
28634,280
41734,100
31839,120
17974,90
48721,85
47590,399
4299,109
30640,205
40096,188
46248,99
48193,250
14598,139
36113,57
42173,110
26461,125
31006,89
44866,69
14339,38
409,170
7778,60
12511,90
27263,300
21586,250
41306,100
25934,53
33637,137
45806,150
4366,53
5354,87
13440,175
43790,99
11289,745
26028,150
15088,60
11077,74
36815,121
7188,75
31845,34
5675,120
4981,138
29371,30
44056,92
15958,179
38489,220
22315,130
4334,169
41879,39
31234,350
586,116
20832,100
47884,60
33632,100
35612,75
39233,50
6436,145
13546,275
44758,150
14282,119
7817,180
6211,109
29170,70
24684,100
30668,150
12167,70
41848,55
1697,65
23992,49
34099,65
42422,65
9222,27
34245,415
37868,89
3509,50
11123,239
46823,300
29758,165
9784,120
29796,199
16117,100
8912,65
40901,70
35936,100
48680,450
40439,25
28167,45
26475,160
8995,53
33696,172
32693,199
46295,348
40577,400
4197,200
40656,180
35527,85
18502,289
22070,325
14865,250
15083,75
5999,75
43286,300
7441,45
14215,125
24995,135
45368,300
26902,135
9334,40
13726,41
25257,70
2777,170
37980,220
24166,250
7585,125
12102,175
2597,262
23018,63
36310,78
40621,170
22029,275
20544,49
35069,239
15376,45
37537,99
23473,218
9935,380
27151,35
32029,95
9771,45
22071,89
28344,150
35122,36
20912,40
17318,133
12092,100
44225,89
39579,90
6565,89
46329,329
42427,175
13620,100
18345,130
14901,139
12619,250
451,139
17051,90
7523,182
5097,250
35164,64
33063,35
33072,106
4631,200
20578,39
8267,125
17963,150
37959,450
47096,149
14061,60
26444,110
43728,229
48220,150
4391,100
16489,35
8950,244
31596,130
19448,75
30955,90
32465,50
44174,244
34465,30
29315,69
41080,299
22177,159
14156,135
39593,199
12901,50
6010,50
9855,125
28217,50
26130,58
16534,200
21133,135
41086,276
48693,80
13957,360
48217,150
17553,70
14785,225
39374,40
22579,300
9278,80
2717,169
6523,109
35632,200
19185,128
25000,80
28928,130
15087,100
30879,95
17074,95
19789,85
21408,55
23240,70
20541,255
8046,60
36125,195
8935,295
3221,450
1467,200
32707,45
26070,55
45293,99
18284,90
17670,147
35235,80
39800,70
34149,60
15743,60
38541,149
15073,44
41539,95
12652,399
39110,52
23800,450
38836,60
24131,189
45600,24
26292,120
23604,70
45817,55
44722,270
2588,190
42309,139
32703,89
13259,150
43815,28
19113,43
47383,60
5959,97
40770,20
45601,125
34584,175
12077,175
36428,137
5319,95
16654,67
34909,85
6741,80
47865,125
46023,69
9896,300
33874,375
45874,70
29699,145
45709,45
27400,210
1152,99
40883,123
35957,65
15458,260
7766,95
46896,25
9532,50
364,190
1176,46
15860,150
21448,450
29971,80
39379,100
43724,60
31623,60
33062,200
41933,300
34741,52
39783,35
11799,90
29046,64
22553,65
43521,600
26068,99
7853,245
12422,55
30367,47
37475,125
43694,31
10284,60
2932,50
35504,150
47178,100
4180,155
46950,60
2812,190
39762,129
17405,50
47270,34
13324,55
22320,89
23165,195
2963,99
10325,150
5711,170
13224,110
46491,32
4226,55
48573,40
6165,140
28407,47
28326,85
9265,100
21356,65
15996,160
30934,80
38744,283
498,100
39259,190
48039,75
32104,110
30402,550
275,75
45740,250
42712,100
1132,80
41429,227
45087,350
48148,300
14685,65
26296,45
3308,100
21468,109
2420,90
25243,39
28325,49
7993,50
10111,60
27727,275
30433,40
5305,115
29906,399
19342,150
3118,150
19371,99
9804,58
32581,95
15634,55
34016,50
31005,45
37577,58
9163,100
16807,130
41900,257
28589,39
5685,419
34084,65
6528,60
15435,57
22747,175
47035,125
47348,79
6435,112
42113,135
2299,550
40189,90
4076,103
12217,68
25610,65
7232,150
806,140
594,125
12771,85
44216,164
1520,119
33151,289
3487,99
13188,76
3560,199
7702,150
26082,120
48852,30
29807,140
48804,99
10465,50
14995,95
14278,50
15976,80
45101,60
14139,155
42597,35
28451,150
6993,288
36380,80
33645,222
917,95
7510,89
908,79
45240,107
29552,55
12,89
14374,115
3786,350
10698,55
3958,72
4684,135
7436,100
23095,120
45606,299
10852,150
32242,110
44530,170
23172,60
10975,75
33580,53
11537,170
7739,62
26985,200
4920,151
28753,39
1151,200
41930,23
26347,300
13986,90
8274,100
6070,100
3669,149
8581,49
32408,120
12723,102
45014,100
2416,190
36899,40
46073,160
42656,70
45810,200
17559,76
12486,349
20999,144
41566,145
17089,170
6067,129
18950,55
7204,139
9028,89
16538,68
14210,140
33902,85
27558,500
11515,56
277,129
3255,50
4965,150
45146,97
7632,99
20361,350
4556,170
2233,42
35437,165
38912,125
1496,250
39548,80
31812,70
46968,109
43908,85
35083,110
31024,180
33491,50
6719,95
43283,400
43435,50
44494,140
45080,100
1552,150
764,99
19009,200
40856,48
27518,130
38769,330
30737,200
6517,80
47266,65
2145,170
44767,120
18705,100
38509,300
29879,65
3335,90
38711,365
32211,600
38671,140
4189,50
32547,175
24585,137
10659,150
40342,70
22307,45
459,295
30548,45
31793,86
38471,65
25105,150
36281,175
11808,60
1386,130
31273,95
5126,65
34130,128
4120,159
39569,129
33928,390
6148,130
28546,400
33572,40
43876,90
47136,170
7193,250
31097,650
42730,125
1529,380
30506,95
17851,103
1609,66
17299,150
13898,34
27709,147
31494,50
44280,150
6230,85
42581,250
24875,225
14025,95
55,150
11906,78
283,49
46753,129
8714,127
38633,316
23637,275
38293,302
21857,55
35439,45
25751,172
14052,85
34839,180
35461,85
48709,39
20515,33
40061,50
10704,90
13329,100
33734,35
5200,85
16404,350
6553,110
39838,250
13766,40
43356,100
37631,65
35795,149
15700,58
27364,219
30180,200
20500,200
22190,100
48527,299
19440,449
47324,90
11766,139
467,500
45257,290
23714,98
24116,50
28027,120
47079,215
42633,55
15590,70
38693,392
1944,149
40119,60
21067,42
22392,30
34888,294
8700,600
12257,175
46088,395
30845,195
20792,113
6656,149
14402,70
44420,90
18527,117
2625,180
47301,130
38244,50
38054,250
37464,155
21496,50
29226,65
38511,60
32652,60
19084,60
13952,105
38502,225
9824,185
27669,150
26870,80
13077,50
25,60
41152,55
22132,177
46230,90
18793,50
9364,250
36087,55
2911,150
12748,45
7536,80
12019,120
23779,113
24835,199
43224,120
18194,230
7073,225
6322,450
6128,250
9763,40
11113,49
19809,48
14442,325
19269,59
26092,110
25743,50
32071,70
6633,90
4668,245
21879,65
3735,500
26547,28
40867,75
27442,72
43808,65
26989,70
14566,198
26714,85
4902,85
1568,240
10050,225
18694,75
10000,200
29432,60
41148,120
15019,34
33429,185
996,125
40671,70
43996,68
25383,95
17577,200
2388,35
24479,138
45695,199
37720,249
1903,80
8724,75
35777,70
48883,75
1620,195
36660,75
29292,39
11715,250
13146,40
26200,130
14549,120
18005,120
7533,35
34804,49
45718,54
18543,299
23703,60
30772,400
39385,250
2215,1000
20353,110
18827,75
44879,50
31820,130
13544,375
5821,75
28516,74
31193,186
33346,120
7590,225
5625,68
24819,192
7791,190
33711,270
46301,159
32758,200
31984,94
25232,105
20709,89
10509,49
29016,475
2354,64
20122,250
19046,110
42202,150
13102,45
14780,120
39389,90
318,69
28162,130
23719,147
1398,50
39768,30
32993,200
12889,600
30416,60
38262,450
39062,200
28579,50
4547,200
31065,99
14290,145
12441,185
30871,269
3777,199
39229,90
39081,150
30488,85
1156,199
20480,97
24307,200
20483,350
33727,36
31277,175
42016,250
41720,77
36368,35
13835,65
19772,50
35518,95
19652,150
7935,40
24552,60
35393,145
42964,100
22223,65
10349,75
30868,65
46958,97
25386,800
18806,180
14823,125
38895,179
37608,133
41636,85
46375,60
11288,110
37787,87
25965,49
10305,79
34685,98
34296,483
4990,140
26042,49
31607,112
12707,260
46554,250
10555,70
20572,32
9240,70
6647,50
32640,225
46243,319
7790,69
12645,300
41281,45
38143,80
46212,179
36401,450
4754,150
7598,59
6519,55
8648,173
800,47
25919,158
32629,125
13738,105
40808,20
16879,178
12840,30
25786,200
26668,125
44391,199
34507,287
27155,150
32288,44
7934,180
9563,120
39364,150
16124,87
21696,88
31634,75
42992,45
34543,185
16833,235
37703,150
17582,99
36972,180
12995,120
7970,250
25535,80
42573,125
20560,65
12717,45
42444,122
45692,106
31348,89
10214,100
41634,155
14313,390
35585,86
23301,55
14768,150
9514,399
44081,130
2494,55
36818,58
353,200
46898,60
24683,120
18969,150
29127,78
19041,475
13682,299
7898,120
34093,150
25453,110
47448,175
43357,110
26605,25
7878,110
17741,40
37059,68
44177,95
11872,110
42777,58
31558,100
26098,89
43803,150
41728,110
17421,125
35994,47
45814,60
48207,67
34773,195
35751,70
46457,99
23481,250
40889,37
8691,97
35123,180
15349,198
23526,350
6044,239
32266,55
18843,120
1323,50
11358,115
11360,699
11017,110
45587,99
12414,45
9204,50
3219,75
37202,45
2774,67
13277,129
38675,325
30584,120
12369,175
42114,200
33208,499
23569,100
15413,120
25978,45
9989,128
41366,204
31078,20
15339,219
2860,10
34931,65
24754,500
23869,125
7938,80
1462,149
33248,95
4803,55
26457,55
26017,145
39469,100
7818,300
38193,269
38404,38
42146,27
33539,300
4687,150
11386,70
37293,199
25731,140
35273,39
41990,248
26285,105
16602,89
46892,28
43458,75
9878,250
46463,475
23803,110
8387,70
10708,40
27860,55
33385,120
41242,119
45305,199
28733,125
18821,60
39805,20
27166,75
46264,100
7357,100
26306,45
27405,75
28561,250
36369,151
44806,157
14603,120
25296,120
48574,150
8090,100
4354,200
2318,70
21171,230
1264,195
1463,60
24870,160
47812,100
6804,70
18243,75
5859,200
3688,55
30021,67
43549,240
6374,140
47346,300
6062,165
22467,60
44086,125
28554,350
22997,140
4246,250
41909,350
46700,60
11934,82
31101,750
32204,69
33764,49
7069,79
35030,145
21565,85
8453,82
46881,44
35497,40
3772,400
3209,225
42078,100
15610,218
19702,80
12025,120
43768,85
20586,120
8673,100
4674,130
25369,55
31445,125
7113,115
29476,55
19405,170
30312,31
47130,20
45165,130
11365,45
48698,180
40058,120
4502,325
41165,345
5168,129
32702,80
7097,33
27211,70
17758,120
20796,40
27015,129
27444,149
28107,150
40941,31
47070,213
17333,64
32177,190
39648,60
12108,150
7936,96
22027,90
1407,99
46445,50
2617,54
22938,65
9257,120
26853,265
47496,130
29177,40
22503,35
43783,150
22063,100
24360,215
22341,105
39581,199
20248,120
48500,55
31422,100
41000,99
20622,105
33627,250
19548,55
8355,90
5479,129
2670,72
30684,219
30864,339
40743,130
8197,175
41096,150
5596,115
17536,90
9211,850
4146,180
44517,129
7619,244
15468,359
260,90
38106,27
43253,85
38587,350
4985,120
48085,320
32069,96
24490,102
21371,71
45179,250
22936,65
41447,236
31256,100
10506,69
9088,500
29615,100
17550,100
33016,150
42133,110
47673,350
561,185
32849,88
3998,63
36858,90
6187,180
30160,80
5369,250
18513,110
42365,200
8576,145
34669,39
42709,170
28476,40
22406,219
13284,170
20964,72
30655,44
32897,45
45328,85
18185,49
6515,199
41504,64
33775,70
3026,120
2308,73
15202,300
18349,85
8182,35
44909,265
30175,34
7959,350
16898,50
41896,135
27241,140
22005,145
5832,89
3923,50
10773,80
21960,215
3463,54
31174,300
39307,209
10730,85
28848,50
13247,55
36148,250
16047,350
26406,175
6825,100
322,150
33428,35
47918,50
6145,250
4799,135
11928,139
4617,175
14809,225
4346,45
28423,55
4657,89
19268,425
31459,69
45777,210
22817,90
15305,49
48381,60
4814,240
8445,75
24718,45
16436,75
27778,75
30641,92
22959,199
46640,300
17506,50
3176,275
45651,650
2189,110
8097,125
41355,140
14675,450
35033,245
257,99
19661,65
13908,250
7839,285
38266,199
23756,239
36599,275
38088,50
26716,290
26085,115
30173,150
5403,75
31732,200
42179,150
88,50
42151,50
2125,325
45521,50
20506,220
18348,450
47062,80
25578,60
27233,60
24838,79
27493,31
25189,199
30357,26
13384,226
41339,55
17102,200
17510,245
20830,125
29748,69
36248,45
12594,100
19244,65
8940,130
29445,280
23861,63
4342,200
13925,120
25272,75
12133,142
31506,323
46330,100
24030,37
37941,325
15080,223
39244,120
8565,105
6144,80
30895,49
3999,100
47878,60
32873,550
21644,82
32730,99
44832,89
11841,95
33013,350
28406,31
45220,150
5343,150
40718,300
2376,89
47341,118
16964,119
4804,47
37329,83
37543,75
46169,150
47144,190
39699,210
39898,306
24398,55
40143,75
32565,325
45564,300
28960,160
6693,85
20891,40
20494,130
5248,200
26452,225
42135,189
43848,35
48001,50
39285,190
34331,85
18202,110
48766,245
23532,279
3921,200
5144,175
443,175
22934,195
12501,109
36336,80
37131,128
27223,48
8535,195
32422,150
6513,250
14320,200
34506,202
15386,149
45910,150
24031,70
11458,150
43089,59
31881,75
29249,180
11502,125
42267,300
14966,290
23739,90
14681,297
38397,355
43168,75
35450,280
5494,103
14036,175
46720,175
44557,499
34389,55
9394,100
10880,110
16537,125
33936,79
20507,100
37181,35
48135,100
4869,50
8747,120
13279,105
48707,70
1611,95
24135,36
44316,250
48399,249
32907,129
21564,50
41422,214
11633,60
18302,179
42702,62
39378,93
26399,60
2066,295
31915,115
26430,70
24301,67
48299,110
28797,35
9286,450
36553,25
28300,75
35304,250
23905,55
28411,105
20160,110
1614,106
35200,54
13607,64
5251,110
8423,110
46718,94
20180,200
16276,159
28491,50
770,402
18544,100
737,50
9700,60
35822,179
14114,33
20425,85
5269,87
46559,330
21386,85
46620,110
11277,280
27852,90
14130,90
24325,138
11176,60
10025,112
23662,90
1154,102
43178,140
19994,80
11443,50
21562,169
11524,125
25958,105
15459,115
14623,158
17232,75
13585,110
7021,80
22162,250
45291,70
3229,175
30776,600
11794,69
18107,30
48247,250
42472,90
39977,120
32858,70
7157,116
46369,125
26792,140
25631,105
33542,35
12122,189
26076,75
11256,200
29689,150
18542,65
43931,79
7367,75
19812,159
37624,93
27472,32
4621,425
1605,80
32777,200
38638,350
15221,500
44676,75
4217,85
33739,179
16442,100
19372,350
22140,130
36273,70
22820,100
16340,138
15969,100
29124,200
22746,110
41048,275
44457,300
3948,83
3694,120
5345,75
32212,50
25117,89
48529,269
6902,150
42095,299
479,105
13141,40
11225,99
20132,105
36392,80
6460,35
41456,214
10630,60
5418,150
1482,75
43863,70
22149,22
35,89
13602,50
31563,128
13257,100
5405,75
47518,135
25551,61
1606,100
1954,62
19677,270
10461,65
44538,120
14441,35
17617,125
5393,125
9648,109
16216,69
47734,79
42231,80
13648,62
45760,120
38803,423
40829,250
35075,65
2306,150
5646,64
33105,150
2286,200
39061,125
13403,67
9253,115
15548,40
40346,399
14722,35
26813,300
34672,100
6353,95
39765,300
24345,100
36632,60
10288,135
35401,79
6239,125
248,99
637,438
10071,32
16468,150
8584,120
40198,89
3401,125
25592,70
29201,40
3776,265
23608,290
16668,40
42257,50
44164,450
31567,100
42809,300
38700,312
11404,170
29271,200
22639,60
7484,38
31516,185
35317,160
34358,85
46,130
25518,85
23878,35
19500,345
36978,181
16033,80
31304,150
48031,75
30681,50
39457,115
321,179
27005,85
36463,80
15965,45
8093,105
31818,239
27818,125
11910,150
11643,50
16783,300
11393,55
28845,200
12936,39
35882,425
5451,200
12450,63
6249,450
5874,60
31391,190
9138,145
16672,110
42577,135
44446,95
44719,100
38830,313
2191,52
45522,52
48365,135
24953,33
5137,73
865,149
18993,76
12616,50
8799,95
8205,185
38552,168
45197,299
1511,179
37429,150
27302,89
22469,48
14038,270
43669,150
29847,47
19703,125
595,79
37572,175
15522,150
47036,50
14936,100
7203,190
13893,180
37130,80
5391,200
38234,60
27589,175
28349,102
35162,80
14510,140
19145,140
10923,109
44039,49
45909,450
44374,180
47711,400
14633,150
28205,649
5914,285
4136,200
2935,75
5398,150
203,105
12145,90
23715,128
35007,75
14412,85
2824,350
19444,52
20693,120
8975,199
33554,179
47411,249
7054,150
40890,150
1843,300
33084,274
2344,65
31500,80
22025,225
24845,250
19056,149
3657,208
19092,90
27687,65
25132,190
26325,90
3080,193
27303,150
40522,99
37294,250
14939,250
13923,150
29916,145
861,180
2537,399
12988,88
47074,225
36974,110
30205,60
21951,199
15085,64
20653,150
42389,300
18308,83
21952,55
12893,68
33793,325
43505,75
16687,150
23920,100
36282,46
18615,99
11837,145
43255,60
40831,230
7919,50
18726,135
4940,145
42279,250
7379,185
19987,300
29444,120
45363,110
23185,250
32268,199
26886,300
878,199
45306,75
27932,110
10120,99
36645,175
9524,45
40541,219
15284,60
29463,175
32043,100
30221,75
10321,74
36983,45
41073,99
35981,125
23356,50
3361,45
21833,100
36669,32
10921,235
44126,500
10654,60
8336,79
13663,145
11736,100
995,125
639,200
22030,45
4467,100
46732,250
4450,77
19838,110
25114,89
34553,45
15240,110
48833,475
42434,55
45298,40
28183,60
18355,80
18369,180
20508,155
37774,590
45050,115
16982,69
24451,40
20253,95
27678,51
3456,60
20773,96
22200,84
24680,95
4935,85
15131,239
6589,100
39595,120
48575,39
31108,80
39714,125
31726,45
27292,200
24436,80
786,90
9303,45
9641,60
30053,200
47565,55
24371,150
43944,40
43644,69
24198,135
22516,40
47915,85
26354,40
14375,171
20993,29
47314,500
39760,60
43890,34
30885,64
7579,135
39683,220
47569,60
46249,500
14622,85
40905,89
8025,125
8517,50
26026,55
25833,125
2334,130
15212,110
36120,50
42411,199
574,300
17947,100
47187,85
42494,199
42421,60
45463,90
36823,90
42902,85
14610,90
14302,90
10677,95
16334,67
7974,55
27455,60
7068,99
36347,160
5211,110
13582,499
39894,49
6066,100
8962,75
5344,105
36314,67
33884,150
23104,147
31131,160
14738,150
24701,129
39673,109
34512,175
42693,69
1793,200
30248,50
27863,138
34169,290
43387,159
13530,150
23949,250
21285,110
10663,190
13070,70
39522,90
43159,120
22432,80
31892,120
9381,190
33437,50
32874,250
15070,180
827,199
18535,195
41091,260
39976,75
48570,80
26147,140
8241,95
5089,69
20181,76
33417,65
34778,65
38910,95
33575,60
1027,99
22477,200
36340,175
9936,45
2205,70
28448,132
5710,75
28238,55
44799,78
13668,200
10331,220
36403,100
1955,99
33967,150
17260,75
19680,39
29408,150
5815,80
11751,225
32397,85
5188,50
45353,275
22157,190
8233,40
47731,495
43134,110
5847,30
22039,95
43796,120
17664,150
28817,38
25801,130
3083,99
26933,140
1387,35
31752,128
44537,95
21959,88
12212,175
23351,515
47291,275
34376,86
40486,156
1653,110
4976,230
7685,85
18774,50
37469,120
43915,140
16896,149
1778,150
29289,96
4169,90
987,85
1501,75
34049,125
14606,200
4465,70
2259,58
26962,200
36098,110
7454,95
7455,110
26255,65
17773,113
8620,80
5124,200
40794,85
33598,150
22689,42
21002,141
27033,30
40335,90
20533,55
812,219
26086,220
45111,125
21251,120
45334,73
10905,70
45066,50
28623,45
28863,65
29306,85
12431,250
43806,35
8699,45
19233,199
39759,200
33959,300
16909,85
37239,55
19417,129
47586,189
35046,90
10415,150
17020,75
8008,139
1013,160
31641,65
30331,75
25725,60
20929,60
47426,249
13044,59
25870,57
24188,85
42979,139
10725,700
32138,120
42637,388
26527,50
32456,120
37802,55
31617,275
9827,48
46061,325
32726,159
28710,50
26847,150
33089,175
48015,244
38986,195
36627,140
20420,30
26471,210
30561,42
20185,799
32197,97
10930,99
32740,280
45693,125
3905,115
11717,145
14599,250
46918,150
2448,110
250,37
25144,35
27851,60
40531,85
38825,200
34158,95
15107,1000
48388,60
46322,295
15053,60
10401,165
48672,55
40321,80
14434,160
44272,470
6212,127
41510,95
12876,160
38273,95
36723,49
12808,90
43980,83
29504,110
47296,85
24144,126
24928,149
20061,89
27637,75
17167,40
557,50
10920,65
5046,59
7789,150
43192,159
27668,125
29221,30
9401,125
44739,269
37798,40
29061,50
11810,60
12874,112
25672,150
45799,145
28233,66
21273,60
45881,37
22454,229
46647,100
28379,100
20936,55
4559,275
42233,145
19419,45
34649,38
42447,35
36100,53
11926,126
20909,90
33844,150
30687,100
39948,58
2484,595
12339,325
38415,70
19341,29
18618,80
12757,180
40369,115
48740,550
15989,200
1232,60
33970,75
37371,46
14066,80
962,160
43766,35
48062,270
48083,65
42793,140
22604,150
46725,185
44903,100
15285,143
40510,40
18528,45
33756,150
31523,200
0,149
4348,65
45038,109
32349,61
21004,75
31731,80
20441,150
46707,400
48666,200
21888,117
28723,39
41748,169
44770,64
46111,110
27320,133
32725,60
10142,70
47933,75
34217,150
44261,45
26779,170
46960,90
11314,190
32560,249
43448,50
45592,180
41808,76
32469,164
16291,40
21518,190
4145,60
3980,169
21076,150
39830,65
45938,189
4689,100
12908,69
20644,55
4241,430
419,375
24927,32
18096,65
10498,40
18320,34
13045,40
21688,100
8810,85
3342,150
9289,149
44306,250
6672,150
32892,129
21661,65
39091,45
4932,110
15051,140
9069,130
26145,125
33737,100
26616,75
20332,250
30067,59
10377,80
46227,110
5112,350
13170,199
26804,250
12958,130
37100,36
20643,85
32150,217
16586,95
5819,80
34974,75
25081,34
11551,129
16135,350
24392,116
16263,99
44302,249
859,295
12421,115
8825,130
39804,150
29587,66
39039,49
8723,99
28294,150
37769,250
30522,49
12163,78
44246,63
33097,95
37836,40
30274,115
38279,40
7629,112
22504,165
38265,189
15157,160
22652,129
22201,75
3151,195
16946,199
14316,200
15757,190
12816,372
5057,250
46465,750
43377,110
5818,100
6256,75
48412,55
5465,138
18066,75
27391,50
18198,103
48825,50
28481,55
39515,116
44795,42
12268,50
9920,100
12696,250
953,549
33210,35
35844,150
28813,65
25298,157
13015,270
32557,80
19559,89
13145,100
47999,150
18949,135
16121,100
4570,215
42033,192
30186,300
27053,85
19466,51
24038,33
21052,75
40386,59
48802,150
31437,45
37408,45
5698,135
34523,31
48163,90
30213,49
5816,89
21698,80
36896,250
43839,60
6938,100
12228,85
13444,45
41393,150
12939,100
8815,60
36606,100
10822,160
20485,150
31259,299
35752,120
13618,79
5350,97
355,125
6896,125
43348,40
41374,234
35821,37
43903,130
24732,124
23160,120
20967,66
45270,119
32371,53
40451,80
48285,150
32289,75
14850,59
30615,100
15081,71
8302,52
23470,115
41025,49
16721,350
25740,252
26134,93
13234,120
40292,65
43683,170
42859,70
24328,264
28573,160
18246,100
13888,99
10084,220
1064,75
46694,190
17194,150
16205,245
21017,160
46005,220
2744,125
16326,67
14523,250
15138,180
24611,63
33438,30
3740,40
19325,95
20922,175
23235,68
29555,55
19947,50
16397,75
16918,255
27314,59
27131,98
29364,85
45030,275
32391,75
1134,99
14063,90
46940,31
17156,123
39120,550
5824,195
5255,175
21129,60
738,60
2041,160
25224,89
30167,50
23477,100
41871,126
2858,69
18885,100
12252,219
7517,49
25066,80
38827,240
34064,70
34514,310
9117,165
9553,95
40413,170
9940,107
16159,45
6047,55
37838,105
15116,98
38044,60
48560,303
6864,70
31863,180
42201,51
47571,199
28445,57
46482,50
1645,220
15845,89
45815,499
2461,350
38915,40
32886,115
46770,80
27014,100
43509,225
44791,40
26241,85
13245,99
1901,175
20681,90
43072,100
44108,140
34542,250
29358,80
23966,90
48775,100
43910,42
43389,150
32092,125
2526,94
10245,150
41466,196
4425,32
36679,55
12621,109
9612,70
35721,120
12781,125
42553,42
25555,672
13800,144
1488,45
17269,61
35924,150
4564,175
48231,70
10470,109
22139,65
36563,150
18994,399
29951,75
27199,150
3608,150
14475,31
40796,225
46258,125
36055,500
8599,158
30302,66
18234,49
47919,119
17646,99
10005,110
36121,330
23219,55
42184,100
11016,80
22425,72
22180,220
38380,65
17915,189
24213,52
22629,180
38889,199
42934,70
32718,56
43566,70
40849,85
24751,99
29209,110
32125,200
16717,145
22745,188
13429,179
8838,195
10169,300
19845,158
19959,45
26355,111
33038,37
22184,110
38643,140
38670,90
1087,315
28282,85
44092,75
7914,110
11683,190
14396,100
16107,300
5669,67
20901,136
26635,40
36315,51
26932,150
22566,70
8512,130
23068,145
32102,70
27036,50
13763,199
48184,595
39064,260
35250,36
28798,40
1029,99
34932,155
335,65
12666,120
34560,100
5086,250
33160,40
31708,45
13869,58
13206,90
44464,50
48379,117
13274,45
11894,47
8777,55
32389,117
28057,99
44201,38
33064,90
10253,60
20066,95
3237,80
3139,100
43463,30
34510,232
41724,95
30204,34
43317,425
5175,150
9114,55
14220,92
42385,60
45914,300
36518,40
1370,55
15388,120
47358,89
44322,222
26684,175
35873,97
8388,140
14161,199
21717,55
15306,109
15363,39
45266,60
20293,64
30558,374
37625,75
11558,169
40916,275
36624,49
6918,78
38771,45
33308,295
2964,85
11501,150
29629,40
6671,95
35895,330
27486,500
17546,210
30674,75
32773,70
26710,100
46355,275
45037,65
36700,60
34893,75
19925,175
4084,100
40285,92
14720,90
12211,65
3368,115
45586,55
16010,30
47121,290
1566,330
7944,68
40473,109
22174,65
12323,66
32233,182
7544,195
19390,39
22786,100
40616,71
16155,100
48322,250
7132,105
37313,189
34900,250
38323,714
3652,55
25797,99
15264,210
25977,125
45119,650
5047,130
20211,48
41272,799
43059,69
14833,125
28872,150
37217,125
35203,150
35193,50
47347,30
26872,80
33965,80
22824,185
27316,200
27498,150
6478,200
698,75
4499,109
19194,68
3971,129
2991,250
8833,100
1570,210
39597,120
15099,175
2301,175
8158,140
43758,36
18872,185
18613,227
8199,35
44067,169
22325,151
26756,125
4207,175
5392,129
36478,175
21150,75
31965,105
32795,100
11268,150
24750,120
33676,75
6504,250
4194,90
9056,800
47847,47
6226,65
37567,65
35680,300
26912,40
10546,110
17500,95
41936,32
48538,320
45084,250
16653,150
41425,234
9215,500
3115,169
22605,125
7945,200
46686,120
46036,385
11363,375
702,250
12375,36
34026,46
6892,125
15128,239
23158,90
35574,249
31179,125
22225,100
10646,175
33617,52
32231,76
43588,700
8827,110
26460,165
30201,73
1784,85
3719,300
19896,40
22042,180
31716,40
30153,75
18280,295
7173,249
36715,114
30989,230
14986,60
43969,120
25263,189
18533,85
42756,250
30773,240
45871,290
3759,112
2434,240
15098,79
7748,185
24978,47
26856,180
11942,70
35366,75
20612,110
24155,210
21232,325
6747,65
37255,38
12124,90
29759,150
18164,224
30692,95
31282,350
41039,68
30936,38
8066,70
29579,99
32056,399
37754,83
12259,350
43877,60
2183,75
41723,70
2126,149
1098,65
33512,83
34173,250
3951,100
25609,400
46164,300
43014,65
12703,100
26860,130
19019,185
26726,378
20016,53
38215,550
26747,125
4723,105
2781,140
14487,55
23720,60
2362,105
19358,87
10081,198
19655,150
34374,55
26455,99
73,65
2274,47
15962,200
11685,90
10091,145
4151,45
27039,325
6856,175
20079,100
31490,200
20440,166
43544,154
40885,280
5686,130
27806,60
27629,459
251,37
11915,200
32837,34
32,55
41983,484
11211,42
26091,80
33794,265
30355,110
18573,110
12318,199
11883,159
35554,89
19070,160
17188,113
28942,200
7110,170
46041,235
14661,101
20186,45
34958,46
23932,100
28129,200
27086,200
40241,50
12250,150
21228,98
28694,175
10367,130
16308,215
8721,180
9274,398
6742,80
14686,50
4596,100
19364,98
34285,135
32690,220
42418,49
9443,65
22473,350
2685,270
18982,155
35706,69
4096,31
25599,226
13221,95
3934,125
45558,395
23769,240
7072,45
39707,45
2356,750
16655,159
1948,150
11916,145
8585,175
3403,50
11066,135
23666,100
8218,295
45868,80
13532,500
25570,90
29470,230
48668,350
33069,85
28586,83
13830,55
35897,139
23052,52
47106,144
16701,199
18368,75
13014,180
10139,225
28352,209
1047,200
9624,90
25514,50
37114,220
10257,80
21816,100
2469,99
13024,50
29097,80
18995,79
43196,50
29845,32
25198,50
48400,137
2347,49
31769,50
5961,199
7531,129
11553,136
12238,295
48239,115
17411,225
6235,99
9518,300
1400,400
23070,98
24758,50
19345,200
33957,45
28077,130
24630,200
3597,850
2394,99
17183,110
28218,50
46224,150
29045,75
26648,120
42371,55
32532,55
32880,75
36191,80
672,185
17424,119
37298,399
17284,89
9195,125
14104,120
11033,60
38149,209
18334,300
8462,379
13959,225
35058,220
34987,53
30597,153
25092,125
23641,130
43605,60
45007,100
20486,70
39058,100
48646,78
39065,40
18311,109
13872,65
31510,145
46001,180
16843,279
12552,59
39343,75
21486,59
796,65
9361,165
3993,150
35676,115
47693,165
38719,267
38545,28
6057,300
46613,250
42450,25
10188,92
48745,198
32533,100
35002,61
17486,30
19800,180
39540,199
24067,165
24763,87
31709,200
9154,177
13820,140
20450,63
21549,75
4603,65
24597,275
20731,179
48597,215
26217,310
34594,63
22394,57
46543,225
11503,115
35467,25
35698,75
172,150
11782,70
28185,80
35716,120
41601,125
24139,95
40537,80
43832,165
15199,40
45155,285
12855,70
39248,37
12754,50
19807,164
38487,80
41576,55
18220,75
41802,105
27613,110
28468,91
40146,215
16582,100
40851,100
12054,120
48219,45
39470,199
16355,200
46983,130
28932,60
2011,60
15515,175
6650,100
4605,165
34950,200
8338,140
16665,40
38878,130
11641,195
19128,175
20278,109
31149,65
41104,40
11094,120
30954,55
414,249
27757,110
29698,98
15377,139
47757,190
11669,55
7009,65
43397,234
1397,150
2714,175
165,250
9684,70
8625,250
31996,200
30391,60
32553,136
35468,150
14146,140
33847,200
30270,80
48233,200
27907,65
25928,55
45418,100
24562,79
36827,188
39973,46
14118,65
25874,379
28018,150
18274,50
35368,50
1689,175
1219,160
37621,60
38355,100
19,190
15248,57
24973,120
12154,40
14580,84
33205,165
15595,170
8499,175
30251,75
30833,60
39368,99
21866,149
41388,472
7508,135
14854,199
2695,232
42826,40
21781,195
31967,90
28125,50
20608,120
32373,145
3180,399
15800,95
2427,148
30333,155
46337,900
10303,60
22704,187
12791,195
17325,69
39252,250
18114,215
26221,35
17207,408
30751,35
9705,95
21494,64
19483,120
31033,110
15695,224
26555,100
6659,60
27159,109
32270,32
2459,72
34767,63
31201,75
43922,175
11658,190
28861,100
39546,432
46987,67
1107,55
47994,279
28701,189
47131,350
24010,300
43649,59
387,150
38313,675
39175,69
41920,395
22276,42
9281,250
26795,231
24469,275
33615,85
46042,87
14808,190
35626,106
13487,139
11738,79
43295,78
37247,260
40115,65
1347,140
16059,169
24724,180
42354,200
33714,118
13488,239
23876,225
42728,75
25479,50
12806,62
2202,105
21370,80
23433,79
30979,74
31817,59
47277,219
23339,200
7860,150
36801,65
32136,120
17618,140
38539,399
44384,150
33478,220
22560,30
10363,35
6053,64
19596,96
6812,150
16384,195
43568,200
47384,250
45608,225
46923,180
34187,85
12884,80
9813,139
4764,175
1650,575
4101,180
13217,200
38786,278
42268,63
429,175
41295,150
43511,105
27824,80
48565,421
39193,128
10796,65
39602,225
1303,150
45044,620
13237,100
11781,120
2657,200
9096,70
24489,65
7321,167
44847,250
16589,97
1433,350
29378,110
32531,50
25492,174
28888,60
9529,160
30627,37
12744,250
12778,65
24230,79
2610,40
9245,120
22427,100
22464,300
42328,90
46628,55
16405,180
12856,85
13579,230
32664,140
35247,90
8844,110
29320,140
7388,85
44591,350
18516,220
20800,119
43219,120
44461,40
2060,77
31674,200
48342,35
10020,200
25070,99
978,104
4364,120
16441,43
23706,50
10311,175
40467,100
15936,310
16874,150
9051,175
5304,90
8361,200
17962,150
46561,99
48881,54
47032,135
33081,230
20469,190
39298,140
30101,159
8643,70
23882,90
34949,159
3988,134
10532,195
4532,110
27212,150
47582,169
46693,40
40361,145
19187,305
48508,450
28544,40
12244,175
33576,200
35847,150
37506,98
38364,50
647,226
44231,305
22662,99
47107,167
39565,225
41449,120
31113,165
2710,69
27152,130
18391,170
35126,95
3213,140
26493,100
5353,98
2028,275
21095,98
5076,85
38128,82
32559,235
45433,278
32073,450
14657,50
25791,50
31668,80
31438,300
41651,125
19952,198
45702,299
25426,289
29059,32
13438,200
988,200
18514,279
33144,174
25292,175
42392,219
37054,75
45208,20
16629,150
41534,300
36835,100
44095,130
34498,600
5651,65
16392,119
7830,79
18791,75
41657,175
41883,60
37,85
43564,45
14479,199
45027,100
28048,50
44255,267
26831,255
39309,45
19175,59
6424,80
39294,125
4320,385
23686,225
47971,49
20255,75
13031,249
33626,48
48582,40
43081,49
42272,55
36037,69
10353,50
12297,300
3135,600
398,189
14821,60
33180,120
40322,61
5611,110
44327,249
18724,199
35407,185
3879,100
45341,85
12195,214
15477,96
7312,42
43322,380
389,290
38863,60
26109,300
46530,90
15736,150
21146,50
1855,135
39109,200
2243,70
43827,81
37740,35
5079,49
15879,125
39736,1000
27235,85
45358,86
25521,50
16791,250
1823,340
6616,70
46670,45
23335,80
21882,99
4209,200
15534,50
37339,42
8574,165
21947,90
18550,60
44075,90
26544,79
32827,100
38352,250
15892,150
25847,241
27937,130
27651,55
41265,250
45340,200
18895,200
16786,35
32448,110
28336,45
17994,105
48783,140
35623,150
6921,80
39669,240
16184,50
34480,65
12308,60
25216,60
7780,84
45851,248
3155,120
23812,60
21493,200
47329,98
44342,240
22955,125
26376,400
3413,345
20405,135
18139,55
4565,155
813,450
38581,110
34292,75
14483,60
41991,396
8357,86
3096,300
17193,125
37548,60
24609,80
23441,95
3300,100
1921,95
15119,380
27356,50
20547,109
2681,100
41318,75
11092,70
48289,155
39267,85
30377,37
12671,150
8786,25
21332,150
47082,145
6865,210
6793,90
10979,130
7782,100
41710,75
41505,225
9604,75
42345,300
9396,150
12111,150
20249,125
18593,30
23338,52
19457,65
10177,116
34738,85
38176,460
30723,162
15898,100
24206,65
34752,116
36039,53
26045,435
30005,45
16470,100
9420,100
12977,95
31316,250
45854,130
12804,200
1102,311
41410,228
5558,50
12343,186
5810,100
43769,88
17733,42
23241,90
48113,315
32196,222
7909,220
12446,225
15300,110
36081,80
725,200
37717,300
33688,39
27933,150
5825,250
47539,189
39234,35
29187,149
1336,80
7281,99
30329,145
1384,125
15839,60
22538,77
45489,75
46567,150
3241,249
14101,122
3004,400
9230,150
18158,290
48822,169
28308,35
4501,50
21094,80
41042,45
26743,99
10158,175
7326,195
35070,250
15029,75
43417,183
8242,59
1128,150
36507,350
12935,119
23427,80
13177,91
36797,370
27445,99
15620,70
43060,150
30700,200
33036,350
12385,350
48201,250
48185,280
4449,150
15629,60
16434,300
20938,55
19347,175
36529,120
45112,130
15225,200
31856,120
46873,220
33439,30
33361,300
47309,125
9877,180
7975,300
35673,600
23357,45
47114,60
13055,180
31029,42
17616,65
740,130
32513,90
13894,90
45525,89
15824,90
47606,155
6683,95
7679,295
27408,65
16644,172
36696,53
29402,60
44395,129
24783,99
26252,65
11104,80
38906,125
34278,149
17523,202
12169,185
35605,250
38538,85
30276,150
15096,325
20518,35
17059,150
44400,149
45767,145
38053,75
3002,195
24259,70
29429,69
37785,70
14894,86
37550,85
32789,100
48863,93
32186,337
36181,35
36826,149
6720,70
16527,79
44288,200
30323,225
32187,78
35619,48
10620,135
31642,115
19778,65
1247,280
6569,239
39722,100
45616,64
15274,110
44518,100
4481,99
3965,200
3749,221
18812,93
42908,165
32570,189
26335,45
18661,50
17722,200
17534,199
22107,80
10078,175
12290,165
47665,50
24897,145
29220,92
16354,76
3476,65
35729,90
17976,178
30504,45
15784,120
38685,320
44714,99
45292,250
45786,135
36361,40
8392,320
8913,135
39915,125
3803,300
30862,100
6414,145
39739,65
6100,165
36605,150
20114,75
5665,175
17105,73
27350,185
1393,65
42825,69
44154,60
14704,62
26683,175
16827,175
6387,189
30758,270
39779,265
18667,60
14269,100
28102,41
25191,55
31418,65
20514,90
48089,165
39263,160
48636,33
12051,110
10145,150
38576,120
40958,145
43615,50
35223,44
19384,130
5196,180
16062,60
1291,120
24237,119
37890,89
24197,300
46066,60
45177,140
16016,700
21911,88
8269,150
15412,200
18313,179
22739,450
29183,59
32812,85
21110,90
8166,65
31587,60
18465,95
5545,200
36925,90
7990,45
10984,170
6578,95
28917,180
25259,78
20862,100
35556,75
28722,25
7814,330
11366,225
9800,75
9812,210
8662,240
36395,50
29843,150
43795,57
45152,94
38987,115
8695,150
10580,103
37257,29
40384,53
46797,300
34334,699
47663,119
21267,350
17319,149
17453,295
12352,100
10747,100
31582,160
10793,150
21971,108
28522,100
3268,200
33179,99
44920,549
23894,165
44858,309
14343,90
35551,85
47949,50
9572,60
21128,123
21543,150
42139,175
15109,175
46201,150
5734,50
24043,80
45190,299
1556,120
12579,125
22585,55
20844,165
23999,80
31503,400
41262,180
15670,180
27031,199
11525,60
28457,100
45751,350
5964,88
1820,81
4967,200
27386,59
11202,260
12200,45
18639,175
32975,75
30802,225
9022,60
14326,100
29638,115
36604,79
37035,125
6005,125
27911,36
3606,185
23369,49
3846,200
15869,73
867,75
21195,50
1632,97
46996,50
24786,48
486,106
34482,90
23600,180
28480,100
5515,115
41314,85
31930,100
47690,130
44129,92
22092,115
42318,250
40480,40
23206,95
17926,99
6363,129
21032,122
25991,200
3715,180
38588,232
9653,80
19314,200
12790,150
43052,499
43227,90
16304,200
18353,150
10010,160
31484,110
40840,59
3069,80
23177,45
7788,125
40974,100
12796,60
19302,150
10215,75
47156,39
14167,52
4060,140
23434,150
21876,190
1224,170
7060,175
36499,69
8333,100
7911,341
4588,70
1487,50
18934,60
35124,174
34928,150
32088,265
39940,205
12767,45
3222,120
44698,70
11119,120
12187,80
40017,373
2987,140
11150,160
2851,160
19193,82
29892,150
46341,200
35311,100
19271,77
39342,65
1970,170
11903,110
1240,93
40874,38
7984,225
36617,220
18026,60
37654,50
36564,134
33784,120
41654,35
13645,99
19601,220
44281,99
4863,70
28439,45
30216,700
11845,201
43111,78
30899,95
13844,50
9052,185
3550,100
36593,199
44966,100
7534,100
8707,199
22740,99
20126,65
21428,70
1225,375
19649,59
34700,83
28643,45
46035,295
31857,75
45748,55
45514,80
48827,170
2219,70
11310,60
7420,195
16074,399
24692,48
44493,239
27051,299
3996,45
45905,120
2954,110
1190,72
44729,82
36920,90
40971,60
20407,850
46373,490
38005,57
30564,65
43282,98
13677,70
7087,195
30366,40
1294,197
16657,65
5454,450
35443,65
28393,95
21874,69
43945,40
36521,38
46004,300
23880,230
44370,139
36072,50
3604,320
24113,39
13997,60
28770,125
37508,100
38379,135
32322,339
30699,165
2961,440
30853,95
43003,248
20811,75
18006,220
18108,200
19775,145
44559,64
40881,160
30814,50
26863,160
31734,80
40745,50
21235,47
27091,350
14605,70
48688,350
8308,239
15511,60
8956,150
3573,170
2723,150
42894,214
30083,145
34175,160
25912,90
34196,50
27095,200
2538,48
31877,137
26952,148
18095,45
35696,95
23299,29
10490,129
13433,168
24462,170
14701,50
7478,149
48091,46
22439,199
3725,105
8098,190
7197,50
35592,250
26610,225
41438,175
2712,69
32901,70
30176,260
39408,39
26207,125
31485,125
16990,70
18297,60
37792,250
33969,40
30163,35
42838,55
47626,195
45070,115
23887,60
11740,60
26073,40
45051,285
9348,65
43223,150
47328,200
48630,38
39519,90
13047,89
47077,395
14597,90
13297,100
39767,55
24787,55
31970,400
24941,500
3372,39
27082,288
13562,37
16593,185
8811,124
2144,225
6386,85
31682,190
18472,61
9591,150
11755,49
18577,56
3317,135
2104,49
38809,267
19320,275
273,68
32419,150
47093,209
27133,142
26608,165
20035,99
14556,600
7721,115
12940,28
39187,99
8952,88
41749,200
14540,125
9259,100
47848,128
37696,74
37741,85
773,139
29872,160
4805,39
21554,50
30671,75
31806,344
7308,89
15272,88
32574,225
40370,200
19852,70
8706,60
31168,100
1780,40
25349,115
11510,75
15262,750
47222,125
39839,295
7057,415
10970,65
35413,80
1139,328
7322,130
24354,100
21890,500
4643,50
20536,50
4971,365
39042,35
38894,60
40493,200
7320,65
6405,600
21819,139
28029,66
37735,40
37936,43
19432,190
30971,120
25750,90
46701,66
38301,345
39916,105
35422,150
25250,206
44299,539
11945,115
47580,65
47550,49
18385,150
29277,240
46870,349
33526,110
47292,65
34114,350
6240,90
6074,125
30039,300
6942,69
17669,55
25227,200
8610,85
43579,155
23680,147
24395,70
48096,299
37420,140
4494,200
31211,125
794,100
39284,293
10443,65
32344,108
14135,135
13187,85
15567,274
16320,123
15188,300
34661,75
25775,83
13720,260
34186,59
6964,72
126,150
16492,100
4798,125
35602,268
15703,115
7648,245
7077,120
16301,80
25159,69
11240,299
16939,250
42011,90
46351,58
10495,250
42281,135
24570,35
23261,76
37374,110
27034,150
25038,65
38604,70
14973,595
4158,180
46586,100
46576,199
46222,60
6337,90
31202,81
30638,105
32198,219
14244,100
36970,78
29567,75
37277,90
34132,200
6788,65
47902,175
27403,45
24889,65
13181,66
47785,307
4489,100
19369,100
12588,230
30247,100
47504,50
6461,200
47815,30
18047,70
1025,200
22395,120
43153,50
26359,60
41028,75
33342,125
34943,250
21662,35
6185,125
188,175
32375,60
42137,45
31530,50
12498,110
21873,90
27869,60
8112,49
11522,47
6390,160
23906,250
1518,249
46241,130
36042,209
17397,71
29791,189
34451,99
33053,52
21217,200
20076,35
19608,100
5311,57
21872,300
26884,185
9978,100
24080,135
17241,180
7094,63
43602,120
24167,60
5820,70
36062,95
26080,100
23856,140
19847,250
20388,98
41791,143
24671,300
4640,158
16519,120
6453,90
20276,225
22237,90
7806,95
41017,120
24898,50
24336,29
35837,200
7010,75
47141,125
11608,88
5471,100
47547,70
2882,380
6920,120
47796,80
44926,59
32399,92
28118,30
45890,150
27462,70
38779,278
6188,53
10582,49
24321,34
11938,140
21884,250
19472,75
140,250
8354,150
29719,105
25837,85
28111,20
10176,160
36332,50
4383,299
39484,239
22259,45
48743,60
3527,156
39754,119
26364,135
5732,500
30289,30
9828,90
41487,110
6789,159
41475,214
12529,107
12842,60
37011,38
9470,70
4590,89
27160,70
11635,80
8674,150
3278,200
8327,65
45325,350
20736,190
25297,47
37516,60
47208,240
28316,94
40823,60
42047,650
2943,100
21761,125
1440,250
46819,305
7725,82
38171,375
26154,80
37312,40
12374,350
6008,89
9520,650
32390,95
26913,79
35862,65
32039,89
39865,230
24755,210
31869,150
31488,65
42677,150
35638,75
18792,100
17027,115
16502,50
38741,88
23085,65
17042,80
23814,175
15720,142
22093,55
252,175
20017,90
40252,60
34862,175
22869,300
19714,85
24280,77
6046,150
28033,185
21059,79
16480,149
31359,195
44005,255
15596,80
35314,129
44746,149
41367,100
3064,75
12860,200
731,147
42482,90
42540,85
16151,70
41286,55
1079,59
8562,177
20691,95
8762,160
8226,84
6160,110
38849,65
1962,51
37675,95
22749,295
44899,100
42735,125
34991,49
12189,125
4410,159
20859,100
1367,180
41457,188
45196,420
21474,60
39130,135
5238,400
9992,300
43251,89
15584,53
886,185
24482,150
37884,150
23544,60
12001,85
38556,149
9073,70
4629,45
47472,200
20752,400
16616,50
36245,130
27271,90
44037,60
21933,219
16741,47
29330,125
26387,80
26612,55
20565,145
47752,150
7792,76
3985,84
33773,150
14947,65
32884,275
2392,117
47476,175
12608,160
44265,50
37305,150
12135,155
10901,100
33150,750
36548,89
17614,150
19843,197
23408,35
10813,85
46419,40
33448,15
9755,99
42878,250
39265,80
41085,75
16834,45
42720,200
43455,45
5434,125
10237,239
644,71
29075,104
28860,50
21445,125
25727,120
14230,65
47617,140
24001,150
9496,100
44496,45
42536,75
34037,80
33467,72
6796,125
8007,210
27423,199
19573,125
26315,110
1345,229
30265,115
11950,159
44946,400
6229,75
23414,36
16008,65
14212,85
607,89
45301,150
39808,200
2022,47
4831,80
37227,85
1066,90
2671,95
37894,110
29724,175
45631,440
25483,49
3233,650
28745,95
38603,79
17775,280
35980,120
6205,100
27188,75
8896,135
18627,59
33536,118
5922,375
31060,148
36277,83
18309,55
12530,230
42829,180
46446,75
2165,300
3103,118
31401,50
18540,58
19951,42
45745,459
5510,93
4881,75
20979,180
3611,575
47951,168
35672,70
37902,119
21373,200
43407,289
46361,114
43664,165
12081,160
85,800
34107,200
31699,60
39418,200
22060,45
32846,32
6042,160
15268,200
17129,259
15310,100
30157,93
35665,70
5278,87
37457,34
33935,149
19666,300
39324,79
1034,55
32735,50
42141,94
23178,50
27076,65
14619,59
6860,40
33741,200
4418,50
32764,250
9198,50
39828,200
16755,279
8789,105
45816,300
36506,65
18760,94
39001,50
47515,105
5568,169
27394,120
26578,175
35584,75
14175,30
1621,625
48380,99
20842,69
18106,150
20049,100
46483,41
23646,600
8553,145
12556,89
18824,250
4278,240
35299,70
24171,150
18900,129
22857,75
28725,90
17815,225
26023,44
40210,365
34848,150
31430,60
4521,147
39325,95
41035,190
20700,53
7473,65
33829,150
47177,54
28685,299
17329,79
43772,76
2070,76
38681,289
35627,140
1541,55
30996,45
7968,195
17601,95
17199,159
30880,190
5151,100
12387,228
34306,225
3008,450
39609,40
38927,275
25761,175
36610,56
41870,500
24086,80
23843,69
12907,160
1019,500
39578,120
1437,140
40557,170
38534,399
23425,158
33792,54
39798,100
27536,100
14465,45
6974,100
10696,225
22517,235
7492,45
46438,950
36856,99
25983,120
1879,99
20839,100
145,160
32348,80
18091,40
29348,78
48671,176
38716,241
9709,125
9431,250
36270,175
14048,105
44197,390
38214,50
48209,69
30734,30
15574,225
6099,175
28996,140
31827,48
29288,80
46523,95
12557,70
45192,120
21818,69
22814,70
18087,90
11032,39
9357,148
45346,125
20093,799
25572,350
29379,160
45688,63
44956,450
32300,92
15750,135
13829,45
6772,130
37796,140
23309,33
24726,125
21722,69
32220,280
32011,170
5866,110
10376,225
18567,225
24842,250
1856,120
33955,60
35579,300
5706,99
6500,80
6388,125
16466,250
22991,90
41105,55
47851,90
22694,100
19108,170
9318,99
12543,45
38140,149
9095,115
4782,220
26530,350
7856,90
472,75
42086,230
44068,66
32626,40
12520,199
14447,225
26167,125
42383,68
39508,80
42574,249
36709,159
28736,110
20307,200
31983,108
12246,115
12357,165
20371,135
21302,59
37150,300
43161,260
43660,90
3145,200
27798,130
1670,125
11302,84
12525,219
14971,160
42504,90
29099,47
12632,95
45107,400
6357,150
125,90
44047,118
43046,58
34391,175
14208,450
13350,150
22306,120
17185,89
25267,45
38662,42
13489,399
43633,65
2112,130
25214,43
16042,220
20561,59
21294,240
32775,230
31046,649
37101,295
14862,102
23360,45
9761,101
22101,120
5806,150
39266,250
44627,40
34346,737
37875,90
18365,70
5948,77
48374,67
48552,75
26469,155
18375,129
29565,40
20022,40
19868,180
13092,300
38233,50
18254,144
5885,150
16784,99
27856,150
39941,200
26437,120
7784,250
37084,63
18039,65
36984,90
7810,246
33128,60
18733,270
4947,85
28829,290
8934,250
32111,65
37135,60
35359,215
35336,350
1321,96
10603,89
20884,185
47207,400
17449,350
22207,89
5155,45
2294,160
17082,60
48224,250
45802,145
2078,55
16542,105
47357,175
40783,220
45158,100
24223,100
21514,100
22443,160
11450,150
12770,39
14534,250
16099,100
33401,99
26215,140
43270,300
35452,160
43712,60
47489,75
10671,175
5333,130
33283,66
33161,131
47795,299
9060,135
40263,39
2522,115
30854,100
47831,60
9886,299
44882,367
38332,714
20631,100
46182,171
37049,47
31343,300
23508,38
48856,345
24026,55
37411,100
30072,80
40242,75
9146,30
44597,110
43242,350
34663,100
8255,325
44491,75
33648,200
43925,100
48027,150
18113,375
38816,90
30057,30
18929,37
19246,45
21010,169
33118,64
4321,87
39504,72
33463,187
17780,650
40626,75
44149,75
40459,139
25643,72
28915,110
31288,130
11412,125
41658,95
39073,40
48755,380
3055,799
5726,150
36747,170
2733,102
40947,50
32406,140
44311,426
27626,249
38812,189
13061,94
4028,65
21718,249
10632,239
17621,30
33059,45
19416,95
15944,115
16767,259
43513,69
14496,100
6283,205
14914,40
2931,62
905,500
18351,58
17181,49
3710,250
26288,169
4873,69
40999,250
47388,150
40804,90
12462,75
44456,135
9324,140
16794,75
17570,80
16559,100
1026,250
47706,250
25557,199
1022,160
26040,135
45843,169
128,70
40873,65
48401,65
9325,60
17840,150
3323,275
9048,100
40454,175
35194,300
2147,65
9666,180
33915,125
8183,55
42916,135
17743,55
25445,80
27348,90
17730,250
25608,245
12173,110
15841,60
28505,100
4463,240
15998,66
10746,99
17344,90
13954,65
2591,185
17415,89
9272,200
15322,35
12606,55
13926,45
28982,42
17830,53
15044,170
39232,182
48598,239
13418,35
31768,210
33705,154
11768,150
15823,120
975,45
10076,170
35202,65
18905,378
30171,109
12119,60
34038,100
10420,60
34854,135
10533,39
11097,70
20627,50
33120,168
492,49
5218,70
24142,135
2063,199
2789,160
12165,90
32363,150
26917,50
11050,99
32522,132
24642,44
219,159
10902,195
7801,300
15056,65
1721,200
44193,135
35288,499
15950,100
20740,599
12914,100
19668,80
9792,275
31068,54
3618,100
16969,125
32776,50
4185,70
24239,65
48349,39
25140,389
44279,59
7198,149
206,121
47433,50
41248,93
4610,55
35009,150
35409,122
12171,69
4540,105
21491,80
48734,99
6268,80
8320,46
15089,73
35333,110
10369,71
39704,125
33919,80
28469,30
42092,350
16762,29
28788,90
13933,50
48477,300
22754,99
23250,73
26065,90
17535,45
12742,99
40079,70
31723,120
34670,175
10082,180
9328,70
26179,59
1576,495
14292,550
21605,200
24988,87
9986,350
41221,115
24713,140
13342,150
45317,50
32275,150
29212,99
10855,75
18848,80
29003,125
39695,190
28483,425
30414,65
29214,40
44054,205
37498,150
34567,61
38547,145
14990,60
41977,35
32568,163
7134,38
48408,46
27439,55
27782,35
15523,155
6750,40
8492,75
1936,250
29893,35
23754,399
39009,90
48723,316
32085,360
20911,25
32720,275
47594,168
9041,229
31187,288
3434,106
20461,250
48279,99
9512,55
37574,60
6286,150
35791,109
6441,140
20447,120
45609,310
39616,75
11825,50
13337,55
26880,100
8413,40
3869,59
12660,50
44163,155
37370,80
47192,100
10159,47
25524,35
17144,185
38098,225
46519,225
15331,159
16002,60
43179,49
28232,100
3325,50
43129,120
954,190
40030,300
46709,125
11144,49
6336,147
12590,160
21685,110
11108,500
33286,80
8058,105
30541,40
31542,205
6196,125
13336,100
4424,350
40067,100
2753,190
22648,90
27548,200
28340,150
7178,289
42501,185
45025,60
16236,289
38187,240
17110,36
37930,70
32530,115
1360,100
31483,65
29814,75
3714,395
16230,163
11377,50
4281,160
7937,105
33926,100
666,200
43705,180
28425,65
25611,65
3614,70
8239,295
12811,85
2230,350
36275,300
28140,75
16297,55
40406,74
12859,77
5121,100
14898,65
39872,350
39440,89
19874,40
37613,95
44513,97
26077,200
25399,90
17355,50
30244,85
46423,100
18976,159
45345,350
3366,150
46109,199
7,79
17323,100
1192,150
43018,70
16859,230
42978,132
37402,180
35601,10
44150,75
14263,550
27298,150
24841,85
29096,140
32964,50
44406,219
35441,244
10285,138
15578,70
15759,250
36034,99
12761,250
1354,300
3593,225
9775,150
9081,50
2050,70
28007,200
33484,85
15611,160
11428,100
16646,55
7098,55
38669,100
46158,94
3805,135
14389,140
1791,36
33282,120
32841,195
40532,140
2525,140
40036,30
15394,120
12618,200
29983,55
18163,165
15680,380
12350,95
21360,34
14272,145
32265,38
2091,134
28637,41
47825,99
11117,120
30916,1000
7987,44
16358,50
15648,52
2148,420
14358,230
26494,139
33992,275
43522,227
34494,250
7741,89
21311,100
6408,55
4915,140
14368,70
25922,100
17656,315
4623,270
3276,195
23822,319
10042,45
37713,165
28365,300
15773,155
7266,199
24004,130
13017,170
41312,96
14367,199
41283,1000
31413,23
13313,165
36686,195
27276,55
34615,185
10828,215
15583,90
12338,55
10425,145
3357,175
2462,75
1069,100
19082,75
7414,295
25785,225
33301,165
29141,95
38203,50
45077,100
23084,110
44784,99
27300,90
37443,300
48749,150
43493,230
21798,385
46500,130
1185,150
7568,70
7658,275
24041,49
34749,90
29611,59
44041,274
20488,44
33078,745
1985,200
35453,275
21347,57
29419,80
40066,110
10380,200
16317,135
40083,55
31788,49
31239,55
2077,85
20048,60
37199,89
48621,55
44473,110
17682,73
17596,45
20850,259
3007,225
19129,110
37786,140
20827,200
26168,150
40578,35
41531,128
38783,258
13552,75
16910,75
30679,57
14954,92
43352,40
16796,200
20774,70
2247,120
1161,499
5300,45
38398,120
22287,10
25601,530
44600,49
22363,195
31266,90
36946,55
31431,90
12438,129
13855,275
25719,59
4888,184
37161,119
19272,129
31771,50
23390,55
6795,295
39985,200
19651,59
127,85
42602,50
9609,106
35746,65
17725,130
20091,66
14388,70
13011,47
18437,65
16206,192
15185,225
20759,87
1245,80
30725,149
21064,99
23612,100
30664,130
19406,125
8959,100
21649,200
3313,33
17085,150
15094,90
47983,99
5083,113
40594,47
20843,46
17869,150
6354,125
42161,150
29751,45
6786,60
19277,110
34945,175
7483,120
27974,250
17835,280
42348,40
33729,49
20950,55
25684,250
393,165
20866,100
22737,60
14450,94
24728,55
24681,84
29163,150
2194,75
16161,150
18887,299
5800,35
26947,125
32525,149
2992,85
48530,269
45103,150
5707,35
8534,150
42403,159
20281,50
13091,100
45940,189
384,99
5362,150
2472,135
4844,98
29455,140
3468,60
44596,45
44742,595
6328,140
2750,145
38749,317
17991,145
25059,280
27772,60
2833,140
8062,95
47221,200
25421,110
32734,649
12367,50
871,225
13176,175
9615,85
2853,120
22048,60
12148,100
4767,150
27103,150
27456,90
32969,117
4923,135
45217,99
28404,80
29589,25
23017,60
27474,100
26178,209
7613,65
40260,45
18876,65
10248,79
38210,350
40325,150
3507,179
20074,69
30408,80
21508,100
11429,60
2524,110
36924,300
26428,116
43175,105
9644,386
40212,60
19360,69
20636,35
20014,340
22575,50
13283,85
16790,40
20199,199
30471,250
34004,67
37724,43
40566,225
13167,86
35346,170
34009,150
7359,60
32440,156
2428,120
24525,60
28499,42
36210,110
35550,140
48384,130
16079,575
26959,100
33098,170
10360,105
1569,75
30148,75
23391,104
42804,180
46080,150
32489,65
44284,125
10018,99
14121,150
38213,85
15404,350
26656,45
5262,52
29197,280
40029,189
17045,150
42510,117
42229,145
28630,90
372,120
36298,105
2728,99
29202,450
47533,650
477,185
36510,42
7509,99
39253,55
43112,450
19276,55
7528,81
16472,44
21600,60
4930,399
13352,70
20384,250
14291,60
2430,69
4628,60
4360,240
39876,60
27912,95
47838,79
25261,120
12032,75
5520,145
4800,110
40928,40
6756,200
34136,80
34140,95
22803,110
45654,590
20604,38
33497,200
36134,160
24106,45
43457,75
4632,149
45481,140
5328,189
21455,120
37167,129
7927,145
1461,160
18105,75
31816,125
6704,275
34495,40
43955,54
48218,39
21300,99
14131,68
5746,139
40539,80
15446,89
46441,75
23323,80
46338,50
23313,77
30912,60
45400,180
15766,75
42611,170
39437,35
7305,85
44405,159
14836,150
48189,175
32786,85
6975,75
6367,65
35712,134
9209,159
44733,95
17567,35
21653,150
31673,44
4100,200
6095,92
22827,50
21930,80
26817,55
48137,350
10947,95
20728,180
41602,65
26256,80
40868,99
40774,145
20620,79
6364,44
28253,110
41115,200
10338,69
44318,168
44376,162
4733,300
45869,895
45668,120
26519,99
36351,39
13120,65
11660,75
43401,217
10095,153
29411,70
35635,28
19671,119
11004,90
10270,250
30033,75
14676,95
31887,99
37520,150
47822,190
41716,180
22600,80
36027,89
6727,70
34636,60
23976,65
32174,118
33908,60
18373,85
40705,149
33242,50
26194,150
20809,120
11868,82
17515,55
45978,150
21469,545
17894,122
13706,60
25389,100
21001,899
42644,35
5683,37
12128,120
1736,135
17290,90
13911,80
48438,51
97,89
34902,330
14977,200
4061,120
36790,600
36992,120
27359,150
12315,45
19098,113
7294,250
19182,77
37947,300
18990,110
25382,66
19083,350
12027,90
44383,30
21401,65
33291,55
807,120
22212,90
4037,176
2332,40
13495,47
46858,60
10379,500
38403,50
32273,175
42312,68
40918,126
3925,195
33546,120
39690,60
4260,300
32817,80
35107,130
12943,225
9834,45
5917,133
94,100
28228,60
8248,185
33507,55
23444,125
26960,60
17161,145
33345,150
2557,147
46903,38
12947,99
25125,165
24999,45
25968,48
9199,35
42255,100
31901,70
56,110
3273,150
32464,250
44025,50
5659,145
6094,250
37524,79
48341,35
24358,90
999,123
5865,195
32865,134
45464,51
24052,110
25732,65
38656,119
39847,85
34317,140
8785,200
43264,199
18918,112
19538,40
34810,79
319,150
36344,185
4751,22
42596,45
13542,149
4103,120
39657,160
8402,100
1290,104
12758,65
39983,70
45413,69
32542,85
26649,55
26965,80
29792,45
2830,155
2808,280
30526,400
11172,50
24335,120
909,75
36783,46
7835,150
11542,225
4808,290
13934,59
32616,250
13416,61
40519,80
18829,129
38861,50
5394,55
4735,370
20913,220
1952,100
33522,150
18584,130
9919,175
33966,45
15512,100
24706,60
39359,100
3150,85
36691,100
24645,305
34123,250
32353,65
24300,100
42922,150
8518,145
14830,175
13071,100
6887,60
21728,175
33297,67
45645,150
41549,57
14524,40
36195,115
44640,90
4050,55
40298,50
6191,200
10232,60
41646,260
32894,119
23734,99
30632,70
23069,160
33334,200
46578,41
48332,69
17223,179
4291,150
25868,50
30542,185
48731,111
2813,199
8314,75
13764,87
34863,199
26175,225
30349,43
194,83
17123,150
3620,60
32311,250
44833,155
40464,179
30199,118
4802,95
39670,500
2476,125
31349,50
32152,475
45877,447
6878,250
16240,90
39274,220
7564,50
42521,40
1773,175
12168,39
2529,175
11444,170
29207,40
16501,59
37231,150
28691,600
3010,89
6081,200
36439,150
22952,90
29625,339
33495,69
17653,60
24679,229
31212,173
29037,45
30166,69
19221,160
2315,60
31854,100
22370,175
27334,70
39716,160
2640,90
10591,195
16572,150
35236,200
9869,59
14968,70
1782,158
3422,145
44169,250
33608,250
26499,150
42206,65
40031,199
28550,149
15742,240
95,105
41331,75
20004,350
36172,60
32978,250
47361,150
29714,60
36326,55
13600,80
8507,64
22022,50
2602,100
30524,180
26326,50
33945,75
28820,250
39651,55
774,70
46081,160
19695,55
40535,150
26262,65
25888,104
30535,53
42683,100
13087,179
22918,105
46130,130
46985,120
37583,90
9912,40
37020,220
8322,168
37846,200
35300,115
16837,38
21537,52
20926,69
39199,110
26205,70
40511,271
9173,50
44787,300
17793,55
42855,45
344,150
8630,90
38270,179
86,105
40900,34
12802,130
46763,200
16278,43
8002,275
6352,175
32167,294
22502,80
19059,120
42998,55
46814,55
20349,128
8059,250
19376,79
46216,420
37324,75
36321,175
12789,75
6326,199
10200,500
46393,225
40181,200
12038,90
38504,36
8009,45
16515,52
33686,135
48228,150
1366,100
3932,450
5139,74
1108,65
9085,164
9252,50
44723,75
11818,350
41680,179
42839,217
43586,51
136,77
5358,225
20687,89
27085,50
11732,50
32191,350
46820,60
36607,87
31361,450
38837,42
41174,100
33668,120
25169,100
17609,105
32724,49
8412,85
45249,250
18492,45
45933,100
34071,165
35242,45
33774,120
17147,110
10086,300
13196,120
15775,140
2941,90
16624,50
39524,75
36084,26
14321,185
45189,377
14105,150
3411,120
22230,130
33638,100
20680,190
24501,60
36971,200
15318,150
965,70
5736,380
37485,120
35005,11
26857,235
25951,50
17360,499
38610,34
8863,98
37216,130
38490,299
33203,89
3040,225
28452,189
13063,70
29855,299
43781,65
14469,70
15008,75
48132,179
201,265
43403,152
17817,61
36937,115
17257,40
47720,275
18499,275
48836,47
41717,85
25960,120
35914,43
33409,150
28864,150
16533,52
10067,300
46026,120
4168,85
26397,180
23404,115
14108,245
17212,60
42676,370
29715,237
482,65
27204,550
45242,75
6155,80
36464,46
41397,125
24121,40
1790,63
28066,39
6115,135
32903,85
47707,80
47750,75
30610,150
24148,139
18831,105
32959,379
37956,100
45962,50
34473,180
4332,450
23001,99
45390,125
46238,110
43126,125
25035,250
27529,98
44936,160
44214,199
48767,120
6325,85
41257,110
21193,130
28602,125
10778,600
26958,36
42456,55
4328,60
5044,50
28126,75
8155,83
28013,350
7182,320
38084,59
28871,63
25604,34
21867,220
47066,129
3370,159
12280,95
5078,160
47491,299
15942,93
6785,90
8592,375
29242,125
40866,45
6043,90
26686,180
29024,205
44586,192
20137,75
24900,136
26270,69
37266,211
46679,295
12066,199
6467,70
8540,53
27054,127
36419,250
29836,110
24687,99
5688,160
28714,70
18545,99
36376,250
28785,250
35675,80
17456,112
900,150
8897,50
29820,38
45218,100
15729,50
46409,70
14920,150
3294,199
21548,45
44677,75
34796,200
22489,49
24422,75
46484,43
29649,45
22405,700
13353,115
4701,145
34979,105
17135,129
12591,46
19887,105
10884,35
11574,150
15023,160
13138,69
9564,180
13271,70
11535,98
24302,70
18505,219
26143,65
33578,150
38066,165
15505,47
36897,99
17641,25
9152,149
10116,200
43577,250
35785,190
687,89
503,120
43741,228
5246,49
32677,87
8917,59
16528,160
16706,80
42143,375
22088,150
38650,36
45332,50
4340,155
1799,149
10527,200
15686,180
22758,300
25848,69
41626,225
38706,352
5642,85
30450,175
38930,100
46285,80
14613,85
1596,50
41850,200
10763,121
3067,140
6894,100
47710,67
1165,80
12793,275
40144,52
31117,125
18357,130
11521,180
7303,71
28808,85
7865,140
41695,317
28073,100
9120,65
3124,95
3796,750
20338,85
38304,110
46766,230
21574,60
40976,60
12362,195
39726,90
26198,35
25404,120
19558,250
36442,160
7143,60
35732,110
33079,95
27859,125
29720,150
8057,62
44628,399
46143,154
35106,55
35219,38
44883,130
24258,275
42191,120
9282,129
23460,85
37873,75
3626,100
40268,75
42211,55
30807,170
23778,154
19777,142
18208,90
30308,90
45172,160
8647,169
5464,200
41679,58
41861,160
42880,35
8768,115
25155,180
10572,50
10531,189
5410,84
34361,50
23298,80
31448,299
5531,100
40697,100
30243,169
44929,130
27887,125
5505,75
6457,119
8958,259
13152,70
1209,99
18278,239
37352,100
26083,80
17934,300
36523,500
36756,199
23043,60
30155,180
15266,85
39896,91
12974,239
14352,39
30046,100
15348,60
28247,150
32446,73
45506,75
6376,325
26641,37
11224,200
48413,220
30826,30
30635,91
1416,165
19047,46
41240,100
12601,112
22860,43
45288,60
16908,150
34082,75
37909,75
1016,119
6956,120
17964,49
46191,29
13202,90
45763,95
3084,420
41557,119
23610,149
11128,37
18423,73
14929,110
47886,420
47801,150
40234,33
34562,226
9271,75
3171,200
9251,90
20344,50
38865,300
2835,99
42813,310
47894,289
32909,180
14776,38
40107,195
27645,70
35210,280
48844,205
47716,39
4394,161
26997,175
24203,99
42236,50
5331,120
17120,38
8837,55
27557,55
35322,38
1675,155
19430,748
35911,70
17564,58
32535,160
15350,350
4522,149
4215,117
21724,103
21720,69
37232,55
14544,690
25185,63
9233,125
19846,125
27419,60
5522,115
11864,39
38194,75
42588,160
40942,115
15077,68
31550,32
8638,100
19381,95
15153,90
824,100
30720,172
10309,100
48431,50
41955,75
29596,375
39720,375
41474,228
35883,90
30532,50
36289,75
28695,150
22557,140
3182,200
27411,128
38120,600
25678,325
41381,392
22779,150
42117,185
44994,100
11967,230
48422,350
30831,55
1963,249
18219,200
19923,375
20123,40
42164,150
8363,50
43239,62
11780,90
17491,120
26740,115
6164,150
47788,85
20391,100
34387,81
6022,109
5660,150
27503,150
7095,185
29264,70
43037,90
35588,50
28557,45
13949,70
34496,89
44993,100
5849,100
15241,49
48533,450
38823,90
43157,80
2983,45
15211,89
25331,120
9313,43
6305,65
4234,150
7023,500
17667,50
35214,195
40103,279
26968,140
32303,65
27352,85
44531,60
35355,45
8172,55
40160,250
1998,80
8670,40
18560,199
19477,90
7967,299
6170,150
22703,30
2021,98
47307,310
43659,89
7571,180
21887,39
12822,124
21582,110
43787,150
31861,50
93,250
28852,115
38367,199
47327,80
30461,65
17354,69
19796,300
37704,129
34068,95
35344,80
38943,230
39542,60
32859,72
38004,140
29008,45
9068,125
19226,105
33551,249
42956,174
12694,195
20443,250
17980,100
31262,120
22626,215
28814,35
32369,150
12896,200
40515,55
23238,275
41877,369
41985,388
27801,40
5236,85
14231,70
41462,130
8253,130
4817,129
13608,80
18645,80
90,65
7750,163
19468,145
33356,99
24932,62
22573,65
44565,168
13569,105
36862,279
25686,160
21435,125
44734,290
3204,140
38284,500
17566,76
4087,139
16091,125
46662,250
43346,115
39086,40
41621,42
18727,50
46432,700
45473,125
26497,100
31903,375
38931,35
3380,500
7525,78
16954,129
13390,45
17270,90
24082,175
22318,100
9815,75
41785,55
19781,35
1272,135
32433,125
8877,165
7881,60
28225,150
3290,235
8080,200
10013,215
26793,83
40116,450
34872,55
9382,99
12440,92
46139,445
42274,80
39888,104
21272,73
330,249
39724,299
7212,100
15912,120
48643,85
3504,60
11215,80
16950,50
46170,40
35308,270
8835,150
23898,77
9481,65
2217,499
42332,70
22094,90
28092,50
7428,180
26528,45
34390,550
20589,95
47732,100
19622,150
1586,144
26458,58
3038,70
5983,100
43948,40
11467,95
26889,135
6950,45
21770,110
13190,135
3634,80
19786,85
5532,36
20460,85
10569,110
41264,250
9942,275
28668,320
38474,100
34384,53
8051,50
44757,250
41365,229
13984,80
17067,60
45800,145
18841,165
27566,213
37637,155
43502,180
16525,133
11670,98
36986,95
33398,125
28765,225
37112,55
4210,200
31457,33
307,200
13126,50
30713,84
6470,125
17575,249
35779,449
17981,100
2590,225
26467,160
32206,150
18295,60
1388,90
31392,145
34698,50
30125,47
4221,78
16510,199
13818,175
27174,50
20279,165
28063,85
24431,45
11893,200
48298,78
18757,110
46582,185
5084,110
10797,250
17254,130
29448,100
27497,28
41905,165
47001,499
11834,90
9246,275
391,190
7926,257
12466,125
10999,75
25101,60
28562,110
27525,80
13242,60
48795,125
27021,250
11620,190
43964,69
29876,95
8408,150
34577,38
47611,165
25658,260
33369,350
48419,75
34616,264
25333,270
18476,84
22795,55
25484,125
9384,145
6258,165
37159,35
11728,165
48296,229
16194,186
32699,95
25844,150
40765,119
48629,38
33474,125
9561,125
8577,125
24296,99
42636,300
34545,150
6533,110
1667,187
47466,70
31472,200
47850,258
30797,65
37009,80
23681,200
29366,350
10194,75
14916,65
27661,125
9207,250
33781,120
25478,80
33086,100
46075,299
35866,85
6245,89
16800,50
32621,99
27716,80
36730,225
35553,195
29624,40
19949,149
19003,250
22151,70
21197,120
42214,45
41769,100
5998,87
29505,45
40448,70
7423,145
14237,60
25154,40
36205,185
7753,89
14539,79
30690,112
3035,145
12384,200
2795,89
9616,75
27543,100
48748,369
11461,130
36183,175
44737,161
6574,70
24355,200
39209,40
476,60
10811,150
7277,50
3195,119
29984,365
13209,100
15234,95
44607,125
39280,90
18480,190
30436,200
16818,140
46435,140
5501,88
26152,367
18316,170
13656,77
3472,90
44971,100
25151,40
34582,55
26224,79
26197,38
23589,180
1435,433
9783,45
6147,300
11632,80
31620,150
18305,245
17524,80
27808,65
27864,126
968,105
25246,170
40677,58
13119,65
39132,179
8439,150
23245,275
37726,520
8546,225
47248,299
3531,159
45367,250
45356,225
119,99
6973,89
32357,245
12052,200
10619,89
32308,250
7864,31
45585,200
3638,160
3232,40
21378,34
30832,50
8459,150
12234,180
10949,190
2402,89
18119,75
13069,149
3235,175
38037,90
31907,55
12716,100
32449,55
44772,40
39678,80
36999,299
929,189
38362,105
10330,60
1894,400
48069,100
7446,90
32283,140
4892,100
31722,125
12126,128
44720,100
32497,115
41805,83
42600,195
24152,93
14268,110
33547,125
19888,105
37750,45
4067,92
29007,250
40403,300
13457,225
48179,229
43304,115
24931,350
26811,250
1401,125
38251,285
110,59
29998,70
32156,225
17822,160
4991,150
41924,48
15156,400
31119,56
35084,125
5141,199
37253,1000
23072,150
27376,116
18924,199
20121,180
1514,129
41244,49
45370,38
5253,105
15652,175
21918,140
8800,55
33246,150
37439,150
1550,80
46209,399
28711,55
15121,100
5098,216
17190,125
26135,55
45944,300
29171,175
16965,48
37442,60
5504,125
12345,150
17217,265
35208,75
28432,100
5602,100
27123,75
24271,85
21308,50
2400,125
25200,150
5154,100
42772,85
1032,130
32709,75
45432,115
6224,150
15589,50
4662,170
16615,180
31795,60
19527,79
17386,65
34655,85
21179,55
22165,50
24879,149
3482,575
28443,350
29256,225
27624,100
20548,100
46268,60
39492,180
19612,350
9652,125
23150,125
36741,80
17057,185
39926,20
43093,300
40102,144
12348,43
31518,222
47176,70
19686,275
13931,36
10098,104
7597,142
34028,58
31195,195
34940,65
35998,39
23387,125
24324,190
38919,207
3844,128
45453,289
8437,199
18880,85
22257,300
30937,70
44854,360
15867,225
36430,65
10271,299
19950,60
6829,300
21864,200
12413,44
35648,97
28259,115
45999,50
5482,140
1146,92
19738,40
8780,120
17169,157
10138,53
816,250
16705,200
44574,285
2613,105
45444,100
36567,80
35686,75
17427,80
29278,150
10017,130
3041,199
7832,70
38125,200
46546,480
15270,105
10681,40
6653,105
1298,190
23810,80
42261,76
33413,70
2361,100
14058,200
20172,220
23840,199
44117,107
41751,172
23652,195
46840,48
30337,225
23263,95
25415,75
11952,57
29896,65
11303,33
31850,150
34161,249
11865,179
34297,290
18631,59
35265,75
31579,50
33138,36
20151,150
24495,239
23272,80
38652,42
23614,200
42670,70
8848,130
1379,115
30242,149
9748,100
47733,30
23151,39
7756,125
44825,200
48041,185
33755,995
42046,160
35973,175
33165,250
21421,75
16285,109
47742,80
15910,130
35064,190
28880,40
20456,100
37866,100
15245,175
46902,250
12043,249
5751,95
33922,100
34005,250
43378,85
47312,395
48623,150
35606,75
18836,85
45919,200
10752,180
12885,60
30203,60
13310,170
46015,135
44604,650
42787,177
19829,159
13499,75
1719,120
43404,125
8341,185
18765,500
37590,80
3994,175
39241,200
33998,38
9214,245
5114,99
4422,180
36011,70
17495,225
14138,40
17308,155
6315,100
8081,190
16729,91
3830,199
34785,175
23137,44
47714,140
43155,70
17898,70
30910,125
19568,49
10505,79
13787,62
3160,38
23937,165
45632,52
48834,50
12892,195
28014,42
37872,139
5186,390
2457,225
28246,150
16579,110
18013,179
14430,45
47608,120
9947,59
11142,160
48212,85
12426,100
35824,63
8287,130
21611,100
21222,399
17896,135
22718,45
15244,60
27251,95
23015,45
28937,500
133,105
41368,156
21860,51
28560,50
31553,129
39733,350
42939,80
6850,70
10608,100
44641,53
15206,250
19138,649
46788,80
4509,240
42870,166
35465,100
35828,255
42918,35
875,99
25895,65
30685,150
5147,99
4726,215
47601,300
36651,155
37000,65
24025,80
30235,52
13434,128
18263,60
19681,499
4566,100
11130,190
3578,225
25079,220
10137,245
43023,300
24202,38
35878,140
46726,149
35240,36
42498,25
33659,165
11367,165
41005,75
15340,189
19184,90
37525,250
17408,50
21093,150
20864,99
17687,175
22141,79
6873,380
15645,65
26640,169
27821,299
37920,85
42237,101
19256,70
28563,125
19865,58
41250,175
28159,160
46548,250
18893,78
30938,38
25793,140
2561,120
32698,100
30031,115
7228,40
41969,100
19632,111
43829,81
1510,199
37093,20
17910,65
24138,99
28201,135
29414,50
17731,75
10832,125
28295,460
29831,75
8609,100
4471,250
10966,150
29451,175
31055,100
10320,250
8890,95
37969,75
8914,150
20379,80
4479,320
36728,60
39883,75
10802,300
17402,115
39568,122
18415,30
1244,165
32815,42
31742,170
2823,279
34116,40
37290,85
2492,120
44166,40
5473,125
815,65
25354,99
11478,100
40688,115
9126,90
8258,75
7555,165
48536,150
15497,150
17163,165
19415,375
40329,300
37912,95
22283,85
19210,118
22205,175
11136,207
4510,150
28529,150
15580,67
22673,250
12585,200
2584,40
36619,40
3798,100
33315,59
5036,94
19799,100
28873,43
25072,65
19068,151
35861,42
8140,200
31318,80
37183,206
41441,228
9891,145
16905,191
12638,65
37045,255
39824,175
41409,503
30761,80
45174,220
17941,91
29210,110
34293,52
34251,89
35884,95
4444,80
12235,250
46947,290
4908,38
15754,70
12287,125
18517,110
36197,500
12512,70
15983,140
19197,120
9962,43
41337,100
26943,130
31152,79
23713,37
44449,75
31759,105
31171,100
19648,70
21641,29
21259,53
36749,194
47628,50
20228,175
37338,70
47759,89
38108,95
36002,90
31270,95
9837,170
28427,148
6452,35
46105,295
39118,110
179,100
34320,75
12084,260
38708,289
33856,37
8092,150
42810,85
36427,70
36621,125
27853,139
3570,47
41460,196
18642,80
4788,69
40653,600
13632,180
26434,100
11486,80
23123,115
32388,50
26783,195
8234,350
30498,68
41841,115
37736,59
25225,150
9631,185
45377,315
1672,175
32861,45
36541,40
34850,120
45650,289
41674,85
3518,150
6600,175
20471,85
44242,35
26110,145
3837,60
36751,40
2479,350
15714,35
42203,199
13667,185
37144,72
20603,60
10205,150
18753,95
22897,65
928,140
3011,179
8532,42
38018,123
10702,160
13708,150
40425,65
10079,55
1129,380
15897,75
40077,150
11507,100
43892,34
35910,300
44138,150
19153,748
1258,170
6009,85
357,65
22168,140
9630,45
4578,175
25381,66
30491,190
33871,93
29583,80
33010,125
29721,125
22678,130
12540,160
5106,172
24539,85
25083,160
5994,160
11199,250
15307,65
42338,321
41918,35
43342,50
16976,65
38882,175
3953,133
46235,125
33905,300
39686,45
33961,108
38096,250
29290,59
21057,95
34100,67
2359,60
17901,130
18389,199
4256,80
21559,95
18029,155
11174,200
46455,500
42225,95
1101,100
5295,349
19117,80
46392,900
36212,59
40099,200
6799,130
139,135
34930,57
9795,180
32126,130
42485,65
10302,300
14875,130
30151,55
32823,150
38570,225
35093,70
5432,1000
8964,198
12396,62
47326,125
31891,180
390,87
35961,160
5424,81
13694,275
41670,75
7008,50
2004,339
32127,275
34253,139
19760,99
5455,264
28877,85
1735,85
7683,37
20768,100
5869,165
39164,95
37676,55
18085,150
45263,250
26858,52
36477,125
38407,40
21414,75
42615,100
2721,60
9786,133
28865,180
36432,40
10283,90
17175,65
28717,100
32658,62
38077,499
27761,80
6585,58
28011,55
20427,55
41696,515
20513,38
48504,60
7550,99
2491,85
38495,70
28431,200
42686,110
41225,80
8433,155
47532,275
21606,175
39428,70
9279,299
21351,300
48447,125
36630,230
15901,200
10602,200
2501,150
32046,117
33336,80
42879,190
43123,65
10394,109
32810,10
18532,40
15286,85
37636,175
29569,45
17592,119
2633,75
47390,300
30801,45
31008,240
6717,50
8769,200
11418,55
40610,40
46325,59
28194,120
45770,190
1625,50
42425,45
5105,99
40069,288
8738,55
35400,85
35645,70
3076,64
43026,285
38117,250
20741,275
20975,73
11912,125
37252,285
33949,95
11454,450
15659,135
40478,120
1731,149
14922,74
36118,39
2639,217
37197,125
45355,99
25156,91
19682,275
8042,99
18023,249
20005,70
23867,60
38253,140
2629,259
3718,45
16066,350
18191,195
14774,50
569,40
21614,70
28989,84
18200,150
22234,110
30417,42
19118,110
39140,70
24065,124
13158,80
44332,39
13304,75
30626,75
25171,110
4152,330
26944,90
41187,40
41862,100
34393,110
26916,149
23093,45
47941,54
21787,135
12261,175
40215,69
24950,137
25100,50
18445,74
28270,66
34330,135
356,130
46177,65
40491,70
16696,70
14934,80
28318,65
29176,37
45824,110
30025,112
12665,197
43842,95
36450,140
10560,120
9567,125
32960,399
9057,89
23516,60
20883,85
14764,200
15447,100
6335,85
46764,125
36038,145
45836,48
36466,100
13303,70
3890,50
33675,95
23079,60
7901,45
25989,175
35167,160
19835,225
32828,125
42282,168
26223,98
26798,89
1817,68
44099,200
17698,120
2593,85
6480,70
48404,91
37024,70
26155,137
28521,150
38657,95
19168,185
40643,72
13108,120
45485,250
24186,65
27028,250
29440,35
11115,45
12992,239
26339,65
4536,185
44793,65
37032,125
31978,62
48320,50
46204,110
11318,50
44468,120
37376,250
39464,35
37015,97
27169,150
25316,250
23141,300
44637,280
399,85
45511,166
33077,100
38890,90
45324,200
32107,176
14471,60
143,140
34555,525
28395,120
8238,300
31853,100
15021,65
4294,111
10833,99
7159,126
34165,450
7500,100
9216,130
47092,120
24753,150
43998,90
48811,95
31659,91
26002,100
22158,99
33395,259
31844,75
38091,269
41078,70
26174,114
853,100
49,80
23969,325
38775,329
27201,70
39388,179
26784,115
39502,150
46634,250
624,200
5567,135
19044,100
47802,85
48373,99
16588,79
31894,50
229,140
24323,32
35649,590
5159,85
48780,55
36164,50
48677,185
408,50
15684,200
20202,98
35951,98
42646,70
10874,50
30382,479
45458,500
2734,62
45023,400
18229,200
29534,69
34017,185
24191,80
8893,120
8504,63
38245,40
23370,66
45915,389
18160,90
34058,45
44944,100
12844,799
32119,175
37648,120
24483,150
45670,50
12056,200
32258,359
16960,75
2545,45
44620,215
41413,229
4978,120
35700,125
28083,90
14749,150
21077,75
14791,50
32745,80
23749,52
19329,200
38679,397
14584,79
28905,71
23821,100
35319,89
14760,30
24509,100
31142,125
15490,25
28568,55
19402,72
4665,145
13810,55
7370,700
42513,93
32980,103
6966,125
31284,235
43628,140
18494,75
46564,195
19654,55
7391,60
46537,55
20775,72
29217,175
5326,150
4627,265
43200,90
17810,115
26336,149
29630,85
22480,40
6754,50
25141,90
26211,200
37918,85
23416,74
1195,349
43137,99
1235,90
14733,150
48550,45
31883,91
32899,200
30546,25
3499,51
11964,190
33938,49
16558,200
39347,99
22142,107
41632,159
36459,175
32120,100
27641,100
13278,115
41183,128
37946,130
44761,335
44096,550
47649,250
33968,115
42996,195
46877,299
25165,150
40684,125
281,175
12416,110
847,70
21213,300
6384,135
7840,220
44571,271
4233,150
45013,100
46456,80
32887,160
20782,80
42264,300
17222,70
37849,80
5725,131
16425,165
3460,50
29573,60
47480,65
9131,300
31846,169
39475,200
38007,190
26868,120
37682,110
15982,500
10922,205
41915,50
25651,220
36962,170
3833,200
35423,48
26348,58
26079,160
10272,40
37264,50
1745,95
29373,89
9452,44
21663,99
32328,75
558,157
39607,140
47100,160
2783,89
48846,37
16283,294
556,120
12592,224
42099,149
37386,109
1043,265
44291,304
42682,80
4695,275
28608,200
15577,55
41616,95
28152,65
48118,350
35670,269
16265,160
47202,40
35566,32
12059,50
5702,103
43258,442
35581,102
5639,300
35938,59
30997,70
8216,95
39191,520
26495,40
5506,130
13032,249
34429,195
9036,199
40182,180
43078,138
48888,125
16173,175
45556,120
9356,99
33183,30
16177,49
43392,109
29692,69
16330,75
14425,60
20240,54
38073,150
42867,197
42502,50
25229,150
9735,150
28478,55
2806,79
27672,130
46616,180
35222,600
29063,75
40943,75
36716,49
1988,62
24256,32
47475,200
16622,65
30002,35
13622,65
14812,95
33990,79
4110,95
2962,220
6818,140
12680,123
10441,450
15539,50
13374,65
20260,82
38449,50
15554,90
1583,100
15123,51
40589,130
35867,60
48064,79
38492,119
44300,249
15828,225
13940,125
9320,45
21780,243
22840,75
46706,349
41956,278
13917,75
15271,150
6428,56
37711,125
33630,65
35044,239
10853,140
2866,194
30705,100
11714,145
40000,200
7785,150
32169,150
48248,38
7957,200
44996,100
13172,50
46037,479
32098,125
8212,145
27048,70
19206,144
36871,375
19425,534
44289,320
31882,50
17494,200
30945,37
36355,30
29711,66
39990,120
23188,265
36526,120
10366,89
10428,400
28606,90
19049,80
29881,65
14949,150
25571,210
6695,100
41633,150
13624,50
36808,110
25537,120
4373,70
2638,450
1537,100
38908,125
21682,275
43775,59
38164,206
12192,70
30986,120
27278,165
34111,135
3059,275
7720,110
46988,250
39068,295
37234,110
16512,60
47094,800
47268,35
41267,70
21686,105
42069,100
48172,99
35702,180
3125,90
8860,85
46605,90
32772,70
17520,47
28256,120
27530,40
32595,125
1326,150
25230,75
45052,140
41476,214
17178,71
36622,150
42131,120
2373,50
39349,75
16869,99
29180,120
3082,161
15602,60
44447,72
13359,58
38546,80
41089,180
32782,62
6232,90
34046,100
18051,23
12356,280
33221,295
28958,225
31227,46
19282,65
31927,44
22451,40
9596,80
27380,47
46196,75
11735,73
35220,70
26808,100
1902,150
18285,75
2424,125
16217,100
8406,395
9583,145
38832,167
44399,185
9101,155
36880,150
3432,69
23194,184
26426,85
30918,140
15830,135
46039,260
32985,110
3549,145
21539,100
7605,225
30389,135
40343,50
38391,65
41102,35
40601,40
33658,78
41521,210
33287,45
12370,83
36263,99
14246,90
43630,49
24332,398
38346,100
40619,99
35286,35
11696,55
4658,90
35766,80
6685,85
3350,115
19848,119
21540,40
33075,200
18832,49
23253,75
45073,100
43452,150
14669,95
15859,100
4938,125
26700,90
4020,47
22950,59
45653,399
6474,150
46835,48
8734,86
35365,97
23709,280
7781,179
23974,150
34879,200
10705,208
8106,199
41605,189
6609,90
20939,55
28208,225
40482,125
8644,50
47151,75
32494,54
22000,220
5511,119
18566,100
46056,45
1869,150
31188,65
38231,150
24790,100
6438,99
40858,53
8816,125
12411,50
35055,49
11498,45
33864,48
23010,50
38847,243
12803,325
44498,27
16229,199
47364,43
42755,89
2203,55
8271,190
32537,60
2665,138
8152,62
45853,190
8373,75
15171,78
26034,69
26587,300
8368,90
34524,54
5339,99
7383,229
4335,105
24183,70
36500,160
12776,130
10973,199
30572,75
34102,65
32068,130
47625,188
43886,98
19556,186
42541,195
43613,325
9485,200
46136,68
21824,105
12205,75
34970,89
22522,170
48622,60
8654,205
366,249
14418,125
41009,40
30820,65
44969,100
40708,150
40424,39
44762,40
44898,100
25344,55
7213,75
40707,213
31761,67
28174,150
48474,170
47510,95
10605,72
18609,145
37037,165
9208,499
18854,70
41342,100
17820,79
11090,90
30008,29
46412,599
9321,200
41606,321
24926,110
19635,175
31637,109
8115,75
47251,51
21492,100
6314,79
8682,179
20511,99
24475,44
41406,377
46745,78
14767,133
23509,60
19437,229
12284,400
5970,55
17013,50
20611,225
26316,199
7409,73
35560,179
35826,55
42771,65
28856,80
20207,150
18873,50
48531,100
43882,450
7108,510
17639,155
47787,145
42147,125
38017,182
39974,75
9386,65
8198,130
11180,89
31693,78
37797,44
26609,60
36190,25
47494,55
7376,151
596,130
7557,150
32000,180
33611,51
23139,184
16248,175
7105,65
35528,179
9945,150
38013,175
10328,108
18390,69
34419,81
4361,65
45621,400
20801,218
20903,210
46685,350
34486,45
46909,159
12996,175
26503,135
104,101
8076,250
46804,30
26234,250
36029,250
44738,305
31248,194
46123,50
29204,80
31743,182
14559,75
34151,50
9528,100
20632,199
30455,125
38950,120
7065,80
29669,140
9425,55
5836,150
10720,39
20905,45
3931,69
4852,110
24513,100
29022,100
4112,65
26596,120
14976,150
47712,169
13740,45
9385,55
21314,48
35808,55
40423,35
37975,50
47730,30
16058,140
41775,190
36021,75
38957,35
29039,50
47978,56
43447,130
38645,80
41699,41
9094,150
5652,70
39642,45
42627,82
22018,150
41750,169
36237,350
17890,49
14644,190
42489,55
27636,350
41735,420
34569,200
18701,80
48432,220
41987,425
45788,58
27378,55
23388,88
14805,45
11604,90
22925,349
20242,53
44385,189
2336,200
46800,88
10962,285
14327,75
12712,275
25823,499
36050,70
28327,487
3057,61
18422,55
27751,96
41179,30
29757,50
42222,175
31061,120
34392,110
27202,65
8686,150
43693,100
8142,225
37141,108
31365,99
16997,372
40590,128
28821,170
30959,88
45247,299
8089,180
44417,120
39654,30
10846,50
48695,139
4137,100
29713,600
24825,275
45264,210
19454,200
11141,45
20879,171
36091,40
14076,105
47072,65
5591,60
47041,900
46207,250
14743,60
7705,200
7224,65
12499,120
7306,169
20951,190
3621,100
15745,45
15209,136
23385,51
37267,160
17565,50
5722,90
45421,220
34128,200
35199,140
30565,55
5689,125
45880,600
1938,85
3775,150
29055,325
27099,100
44796,89
32665,85
43751,44
19578,160
20254,77
36554,85
5490,140
18910,151
27289,32
24948,40
4880,350
22131,185
5647,395
14937,159
36773,225
8135,90
40562,56
38566,70
34547,135
10416,60
34800,59
36284,200
42115,75
46544,180
279,95
32381,300
22449,189
41981,80
32122,43
40377,80
44740,113
36453,80
47945,71
19574,95
6646,139
13695,65
1990,100
11777,85
24240,60
10894,70
32383,425
36794,150
4259,100
15045,239
47010,150
30573,45
8435,120
48176,45
23583,100
34499,75
42440,65
8514,215
37028,100
39728,180
6627,225
42260,200
36160,65
4271,67
45819,200
14969,65
7278,55
2103,100
37856,39
710,95
4535,95
43536,229
23624,950
4150,105
25703,275
12642,160
45983,38
48829,90
30975,55
9753,60
7340,110
23232,80
24396,169
6437,80
44818,299
6940,84
8067,155
40495,599
4968,308
3644,675
25819,49
42474,90
44471,50
28084,110
10402,70
2446,290
17031,400
3602,111
18103,74
15843,79
36032,89
37935,107
5837,149
2280,85
24432,52
10562,75
12627,108
30120,43
41662,239
18427,120
38008,120
278,130
48491,55
29441,50
37319,82
184,150
25861,55
21940,125
26789,125
30365,75
30026,160
34469,290
43449,51
30978,99
34206,55
29932,110
23191,160
47955,75
5009,94
26848,298
47449,249
30574,90
14383,120
5306,145
7983,105
37140,62
28384,58
33930,300
41706,70
21349,40
947,72
40913,73
10301,79
31454,60
23066,45
30468,250
43760,119
15675,90
7074,180
40130,300
12870,72
48166,90
643,199
25925,50
43339,65
48150,89
48052,99
44127,54
2368,115
44952,375
20686,105
18867,195
9941,155
22241,100
34502,90
8739,100
12869,140
38962,65
23484,117
39228,200
46663,250
230,135
30142,120
28351,57
7764,95
2287,195
48735,84
41638,488
10674,155
29735,69
18920,250
18610,180
12656,135
44649,85
41192,30
15114,110
11246,96
34383,65
27203,55
30336,120
15656,185
32962,98
7194,115
8757,48
5731,99
36201,65
40383,175
3896,250
8315,70
38699,312
33440,110
30735,70
2269,150
20059,59
23687,135
29268,78
42110,45
45297,89
9157,130
25507,79
16089,315
38496,48
28037,119
21097,125
44710,36
5896,259
34551,113
6770,130
9617,175
46592,90
41308,70
48753,32
19673,99
40581,35
18061,70
13186,102
41829,125
43006,55
30748,100
29813,189
9080,150
47893,69
912,115
35928,52
26411,45
7982,950
22671,150
44647,700
43738,140
17488,70
23988,75
35913,300
10476,500
34694,100
370,135
8358,200
35102,66
3245,120
38105,75
39318,200
10628,81
16302,59
23833,200
31132,135
11721,86
39050,65
46999,299
29331,60
34118,999
36985,168
34878,125
14974,60
25798,105
33168,85
31790,40
1377,125
24368,59
11024,100
28154,105
39289,45
26169,164
7152,96
34897,90
28128,78
2899,226
28815,50
16904,130
13845,115
7401,48
11949,150
5886,95
27597,395
30648,400
1406,120
41266,125
39296,55
42481,80
422,259
43688,100
16750,77
29240,150
39856,80
46993,100
295,145
27096,50
29827,110
4312,100
43250,35
21953,50
36234,150
47279,150
40846,120
21987,365
40517,125
33018,200
37251,150
41467,380
37223,60
34380,125
30334,100
28812,720
47368,400
4414,600
41795,107
20021,155
46738,30
38913,225
18957,45
6028,60
6489,170
29747,125
8317,250
45613,90
35699,28
32044,198
12792,477
10424,150
43942,90
4746,110
23653,50
41855,59
28360,60
10324,60
13840,139
18835,102
32006,55
17936,199
1306,151
22275,57
9316,45
23062,95
22822,200
220,189
40982,60
38339,115
32855,125
6531,77
5589,99
15430,235
23057,69
43307,348
1160,75
28854,128
30555,100
10948,85
26319,25
36638,95
10820,250
4686,175
22958,45
32210,390
16921,175
45576,650
2677,75
26049,40
32715,375
2512,150
21098,300
10115,22
43069,81
19679,205
28582,200
33470,59
30071,69
15273,65
20113,181
23658,236
5812,275
44991,100
43900,95
21875,79
43336,195
37259,98
48097,164
5303,65
37237,399
29365,80
41880,120
15966,195
30787,67
6612,49
8736,160
45425,85
29646,52
27385,69
17070,245
44968,100
3027,143
26095,250
15605,209
5729,160
13450,315
31244,199
2626,67
16764,150
6651,80
41103,211
34201,150
32625,83
9713,225
31172,55
44885,55
34860,125
40738,40
12405,109
30237,62
4752,129
13367,175
11133,360
10718,194
37330,200
21087,68
21274,90
13698,120
12085,105
36412,119
13086,180
17052,130
8711,220
2589,79
17005,109
38059,90
8743,275
3216,150
22462,136
12536,84
42100,73
934,265
30878,100
34204,275
15887,260
16757,200
18600,80
47704,35
35171,39
6481,115
30760,110
36793,90
30863,125
14583,125
8102,119
1709,85
29013,55
146,195
28729,65
28581,249
28779,100
27427,70
21900,200
14047,50
33562,56
25052,110
18735,179
48741,80
16917,95
26228,150
27607,95
25387,200
38958,149
21275,70
36843,125
33631,133
48864,95
15597,376
5764,160
13850,55
7250,90
46601,80
29009,150
13681,69
42861,165
41572,38
23457,40
16018,115
16872,301
4739,179
17277,80
1191,107
3581,62
17208,120
15514,150
19159,748
26701,149
14600,120
11583,89
40639,68
15255,265
16461,350
20667,140
23129,150
12393,225
10768,186
47997,48
47393,150
46010,180
17683,479
40575,40
40293,55
8360,86
3046,190
14433,50
3687,749
3655,325
18938,85
16344,119
26664,43
11238,110
28610,70
34218,88
23403,45
45398,43
19259,600
31975,140
15794,50
20694,180
6447,250
16053,90
539,265
44724,85
37847,400
26063,269
19162,214
38163,80
20314,51
29852,20
14673,215
33039,140
17879,275
44135,208
44934,110
48344,44
4913,175
12127,200
2986,95
34349,699
359,67
5014,70
3591,97
20422,55
17971,120
3850,40
36888,240
26526,115
16968,90
3771,600
27470,43
14741,150
1723,145
14502,159
14140,50
28534,189
2949,76
18904,125
44495,180
1505,125
38729,365
33678,159
18125,130
37085,50
2321,120
34964,400
34744,55
39399,150
4791,51
4503,750
33622,100
15471,120
37280,70
40526,49
5991,180
20476,180
7341,122
10537,140
33316,100
20823,99
32347,200
13996,130
19576,60
27341,125
532,89
38144,170
32961,150
22380,45
48592,75
19583,236
11048,70
42876,200
16061,67
34179,275
18965,65
13460,58
43616,65
37560,215
43475,250
5564,185
33821,170
29415,55
28239,650
40429,200
12786,125
12819,29
34790,339
12881,48
21462,60
20744,125
33882,40
4439,175
8767,80
35079,49
22896,65
36879,44
4132,94
7390,524
30742,100
31435,210
30609,60
25746,180
15132,239
25288,92
48797,49
412,141
30953,65
41489,55
13939,80
41057,30
46043,198
12763,100
41159,90
14464,80
28322,50
31444,65
9734,195
24118,166
41815,33
28885,140
8937,120
22762,80
25078,249
40266,85
33436,250
42249,62
29636,155
36770,264
8088,184
18392,110
35054,49
8045,90
46383,199
44063,99
24369,275
11439,200
9074,220
31612,90
8245,190
27706,89
33786,110
3257,85
30121,210
24519,140
47904,250
13192,100
44398,257
19285,95
3884,175
2206,275
25545,85
7184,60
47782,229
42873,90
46343,350
8998,85
17716,250
25425,150
32188,169
32755,50
30317,35
21488,65
36628,65
41582,50
41839,125
37038,90
26759,100
44582,699
12777,40
29252,109
42241,60
39987,399
30769,129
48590,239
48628,128
16426,189
36054,70
30228,100
1900,109
15312,115
8397,125
36003,254
5217,40
37242,59
13891,85
28390,90
1661,95
16022,50
12434,68
35781,150
1530,84
37510,149
1188,80
16247,195
20637,70
11161,94
33058,100
43469,75
5075,100
9898,50
4706,100
5176,140
6888,99
19124,75
43518,130
18595,47
33033,550
28842,72
47623,75
24383,200
31143,72
36227,30
704,125
46806,220
11440,120
5015,120
35953,100
46689,67
18700,50
25434,150
19251,75
37723,200
32686,179
3384,149
46014,60
2980,115
37288,150
11138,160
37582,35
24297,200
43811,352
35683,274
3248,150
16412,65
11757,180
107,80
25121,75
41258,220
46737,150
12430,245
67,80
37226,250
2697,140
32666,200
10026,95
48678,115
45323,150
14141,40
23213,50
5396,165
20685,85
22520,86
36703,69
23555,46
4551,171
24056,95
5309,72
12022,40
3123,150
27308,159
7786,83
18524,99
38129,125
26106,69
41440,203
7310,150
31425,37
39811,40
29065,191
29241,165
9535,129
34723,89
28782,275
38616,70
22344,100
9566,250
36073,59
39210,45
29511,125
31371,120
43911,75
32814,124
1626,120
38525,265
1776,116
19401,50
28303,60
21161,88
13385,79
41178,80
27373,375
593,230
38470,135
44849,29
29409,75
44556,250
18662,100
11654,103
829,199
48311,150
2234,116
5853,112
37878,45
35561,60
13594,63
47436,59
33585,143
5592,130
6636,165
3539,110
36674,200
34881,85
42906,175
26438,42
16853,239
17732,150
33340,135
38468,32
12829,139
7254,87
5122,95
43444,240
22461,99
47849,220
39544,250
4774,300
46953,95
21638,160
48133,300
31653,200
37716,125
25935,95
37547,160
27828,70
1263,88
9430,170
26771,525
47287,120
38804,240
20412,50
26963,80
6197,90
7253,249
36750,49
47952,45
2571,495
45159,164
29749,110
36678,165
46997,250
11774,200
148,80
1096,89
45256,350
21443,55
18130,180
12307,70
3293,89
33983,40
23900,60
24865,88
4251,75
26266,435
28636,200
25914,50
20081,120
38532,150
34604,315
28493,70
44856,280
2164,295
15651,25
31064,90
43817,61
18558,98
32051,220
4047,30
35794,130
37594,90
24636,89
43805,66
38856,120
23432,60
30888,115
48467,299
31487,145
24588,198
31011,100
7745,90
43526,474
15256,215
14727,89
29227,38
26623,130
18922,50
18332,147
14257,150
4523,65
22402,55
40021,247
44371,125
15247,45
45842,50
23031,62
15164,239
13669,300
41562,100
16235,256
44520,50
20666,95
19219,40
15168,369
34075,60
13493,195
14492,75
32443,70
8804,100
20808,110
20783,190
23336,800
746,85
10625,100
43951,69
23593,145
14274,95
36097,95
39652,190
11800,140
35887,50
12624,350
20605,50
22008,230
21320,153
6907,59
15100,75
46839,48
14697,175
25057,80
48264,134
4558,125
4823,100
30483,150
6118,125
5682,135
24378,148
8040,90
41444,198
23398,150
34386,234
1655,100
22880,38
44782,115
9006,47
2754,80
28335,200
18292,80
46394,89
18913,60
24961,50
10282,50
16193,129
40741,105
10327,98
12011,98
47044,175
26599,100
31052,274
8978,120
4200,225
24530,70
18583,44
10968,60
9340,51
20765,120
10110,30
47499,350
35933,49
1956,90
40112,89
41508,170
18228,53
24963,130
32918,68
20721,100
26826,130
32377,60
18572,350
18999,65
19712,139
41598,500
23939,200
8554,130
41313,167
2533,175
16587,160
4958,200
11985,125
19173,125
13317,125
27187,249
33708,220
44387,199
19971,103
38562,32
34703,125
2401,199
36944,109
47910,57
13821,90
19141,100
733,195
48772,35
29788,190
12690,140
7694,255
34566,126
29732,50
37400,500
16214,49
17374,70
13082,160
13870,60
42769,293
18751,140
1579,93
7972,350
21031,91
16475,150
3922,55
15626,125
1603,65
25427,55
40094,60
18729,160
38263,100
30716,222
3362,190
41569,160
37195,100
18396,110
27236,140
47537,190
39919,100
13612,45
44975,100
24412,84
7815,55
2901,195
36155,355
45685,68
25588,50
37923,50
6312,150
17189,300
914,120
43402,182
13828,219
28284,250
46283,100
9084,110
17243,150
48456,180
48396,100
37541,100
2909,104
8578,45
17395,49
38276,75
5600,80
35983,54
8228,50
8676,400
10831,160
38338,59
30432,450
16323,90
37937,75
18242,135
23169,40
25133,82
1669,250
27377,55
19389,33
1767,150
46515,115
40661,65
26402,100
24651,176
11982,80
47619,199
48024,77
31441,225
31552,150
29168,39
22350,50
21111,210
48202,110
18149,407
12564,65
35306,125
34781,65
7426,300
43678,115
27420,125
8829,48
23060,60
19025,150
18752,800
40848,45
38014,345
30003,41
13250,25
22969,43
27112,60
37501,75
21963,60
13860,85
44158,130
34188,215
38692,303
41066,20
26436,125
8220,150
21164,60
36761,150
19783,40
10743,39
21253,106
20398,100
45397,100
31926,80
7081,110
19188,83
8593,75
18529,100
43440,66
47604,280
14963,119
597,239
36385,299
3033,69
45888,695
25390,84
21607,45
2497,150
47969,151
48022,120
36260,60
23968,160
3056,100
20845,75
5778,40
33029,67
43343,40
34280,110
38518,45
5332,149
30543,175
23306,60
11298,100
11554,190
34454,150
47414,30
5776,275
19322,108
43545,200
44886,45
14595,44
32415,96
3297,99
22057,35
43427,89
12720,75
4315,295
43543,229
39314,120
18327,38
10786,250
27168,145
37192,139
30208,55
4352,250
16348,70
23700,219
27409,70
11326,150
8450,220
10520,999
23763,100
37445,100
41293,365
46405,50
4961,140
3901,125
9042,195
12301,110
37722,295
46272,60
27060,120
8969,80
7630,80
31414,95
31148,60
18413,27
46489,34
30932,100
42207,79
34030,111
44555,70
4926,59
46315,130
21501,90
8505,150
45883,320
44239,120
18968,47
39411,41
32037,93
21252,55
18211,50
46595,121
14075,82
42205,170
32523,40
2143,160
39278,49
16133,175
21145,103
34113,121
42130,350
11876,325
11652,55
36009,80
18838,279
9507,45
1750,150
8139,75
9770,185
25986,175
32928,109
26673,200
1031,129
42493,35
31727,100
29793,60
48088,50
12651,84
11270,200
35974,115
9809,190
18956,43
26593,120
21118,200
23772,27
36612,120
46058,57
17591,60
31385,145
21748,250
5760,160
13983,55
21406,75
30534,250
31990,169
18275,55
10056,110
28261,274
38320,675
48788,80
26061,93
20580,125
15258,54
3519,140
28096,75
26432,76
29175,90
29166,450
13260,105
4229,70
17229,170
32194,105
16543,140
7209,110
650,79
46159,390
14664,95
37132,49
299,575
48893,55
20389,60
26257,50
4363,200
32567,150
1216,250
21497,160
46084,140
30463,120
10583,245
8411,55
40131,250
17462,60
23331,67
12047,25
43572,48
17493,82
29023,220
47542,145
35296,200
45984,69
38060,66
3821,49
4043,50
22488,115
20988,89
42192,45
33588,299
36776,200
23352,137
9454,600
29673,980
4604,125
36923,120
46986,197
24622,98
33849,62
22979,75
4942,95
23558,100
33135,60
9657,450
20706,117
11438,500
29857,50
2775,68
21353,155
21581,80
46846,209
23740,51
22312,195
44978,100
3889,32
44743,250
48674,50
35475,100
19006,105
23265,350
33978,110
44651,49
14420,69
14537,230
9239,80
8449,145
21855,45
47853,79
25207,175
34908,85
43132,45
6798,188
21055,50
34901,85
14347,129
38886,199
29623,95
46535,145
29594,125
14956,89
36346,90
34134,250
36560,78
17399,119
48814,200
24170,250
28437,80
4877,175
3508,135
23389,70
8379,449
36491,175
29126,64
31639,160
40135,60
42893,105
23757,200
19150,321
42942,75
16127,160
14096,120
22708,38
18912,70
30710,50
33259,80
20870,115
43441,40
42538,250
8984,89
14202,50
2631,129
2699,168
15166,92
30281,35
47318,249
14513,180
6412,50
19407,149
45809,80
28545,150
26833,105
48230,50
14446,43
28878,149
31232,200
7404,145
43106,95
40300,104
32678,87
16902,90
32493,250
44180,164
47154,90
40716,95
36040,55
34653,139
32706,45
11852,100
5553,90
48147,89
42462,66
9598,174
40789,35
6680,130
35307,150
40792,200
29584,40
1526,95
29384,39
15425,60
48391,170
4837,225
12560,130
504,300
8006,750
13027,325
12004,110
6255,299
4124,125
497,97
1311,60
41176,33
13476,175
31710,120
24878,125
15112,84
6430,105
41204,60
26189,225
8230,55
27016,60
4095,70
43088,69
18677,170
43754,162
20778,145
21944,65
34538,99
44751,365
1302,80
44764,100
26020,175
33266,73
4504,135
21859,60
46141,225
19288,120
26553,150
1868,200
1909,75
11236,110
22891,419
19881,110
45976,42
30602,360
48476,57
48018,90
38952,110
23108,63
10235,150
8131,189
25234,200
6521,69
15257,120
8814,160
47615,150
7622,135
40457,65
38713,246
42976,245
5851,110
23282,54
36855,99
28430,250
33843,84
466,140
502,189
12201,45
16638,35
22767,35
38755,252
27179,114
37803,50
35734,300
506,95
24982,60
29967,31
47153,78
23075,128
29902,118
44268,100
5619,145
1082,239
42150,175
48580,59
35984,175
6811,180
25587,70
14405,195
19746,28
29766,169
14935,239
32012,50
27335,65
22619,150
24526,51
20008,149
17954,115
21994,75
46930,200
583,75
25729,47
22069,800
33875,140
23815,55
3279,100
21170,28
47872,100
15734,139
10875,65
11679,145
14028,150
17106,200
14280,200
9725,130
38841,25
27467,38
18370,75
35248,300
34954,85
46995,65
6908,70
15217,79
22253,110
3599,60
45680,65
6469,90
6137,120
26302,134
6289,110
13455,75
12243,145
43658,53
42368,90
1430,120
46480,70
19062,180
42458,50
6274,180
30091,350
24906,56
12060,183
43337,140
42451,60
47864,200
35640,250
29528,125
44999,100
10279,36
42681,110
20674,279
2480,102
38289,125
628,195
5595,105
33092,100
11152,78
44836,79
47297,60
17434,150
28278,205
28660,70
4347,115
27713,120
27704,45
11063,50
28357,200
41964,28
36798,90
7639,200
12383,45
34095,325
21072,69
11623,200
48737,144
20992,11
15196,139
13879,82
31505,117
34821,75
28980,150
20380,150
12285,46
42242,59
17513,100
10978,68
21254,68
46984,65
23463,55
4882,135
7913,128
22343,250
1358,60
8130,150
2483,350
15108,45
3163,245
8942,185
36384,70
525,215
41842,175
11041,172
2212,90
36377,285
41247,300
33094,60
35419,143
9329,70
40963,90
23033,200
4919,249
42594,150
11644,180
4525,160
15918,191
43039,90
23118,60
43729,235
47040,600
10764,150
33776,200
41903,95
15637,43
10760,99
24088,70
39301,150
6819,250
17587,100
3854,70
17273,60
33683,140
15065,100
37562,60
38248,69
33960,135
43117,175
38883,125
22185,50
21617,200
33450,90
39476,150
32517,40
8503,350
38592,89
23314,118
13266,140
35552,58
18865,90
22789,100
1450,90
37592,120
6808,225
9306,90
6904,85
9540,64
31163,115
42708,190
7263,51
2517,140
15687,87
14060,60
21125,189
38269,179
39535,65
22182,99
43976,65
48125,190
36591,112
13402,189
27724,255
4600,62
21305,95
18360,125
47889,140
26407,80
10444,280
18975,750
22722,120
46206,425
12981,94
21850,130
17255,145
46811,220
22429,125
24361,150
37432,195
20946,50
8036,85
29955,75
41087,130
21366,87
27986,200
3382,85
31160,99
17198,400
45738,200
34534,100
8730,45
19370,90
45866,975
35625,220
37256,70
25443,82
36089,95
46097,500
45019,100
25175,49
33364,50
30629,200
47810,150
30202,58
44997,100
2087,135
22507,285
7245,150
21317,99
9595,60
43467,79
20339,85
16774,199
13377,67
8455,300
31048,79
14905,133
34592,159
28187,109
21525,300
11493,180
29251,80
17155,60
11986,70
10140,149
12523,395
14119,110
9749,118
14040,55
43901,34
17087,125
24766,170
30804,45
38256,200
34484,55
9879,400
42742,263
19510,120
14259,219
15709,75
44524,50
23379,123
16255,105
22998,110
26216,155
39832,100
31773,50
3624,61
23276,55
36085,170
17668,370
37739,46
17818,70
16138,75
40476,197
22730,46
6567,70
17610,150
4650,70
27697,195
4125,100
46310,142
30320,80
10178,35
34020,125
11039,105
26377,32
38497,48
38536,54
23042,52
33662,150
7316,250
10049,115
24292,140
45679,175
28153,45
36274,109
11479,99
4057,275
2907,99
41868,35
26961,200
23870,135
31025,80
34013,60
19307,70
38737,283
37095,72
41003,86
2195,69
28309,69
37728,45
4172,95
40859,99
13049,100
37653,70
14222,33
39866,55
6475,175
38907,295
21427,125
23619,74
13646,40
5038,50
17808,150
27153,35
25104,53
18230,50
19377,145
22956,100
7903,149
20491,30
29034,100
13892,70
33577,55
38396,99
19111,198
46046,199
2252,100
20415,125
19825,100
44980,100
37747,175
6446,250
10310,150
45045,210
32025,400
12061,125
23522,61
19274,50
9483,100
12294,150
30703,93
2925,110
46792,89
4255,55
33350,53
44665,110
30179,200
15203,45
14039,155
13683,204
47879,90
22386,80
1351,165
42068,100
5133,165
17107,34
6830,159
14680,185
23771,100
43041,109
18928,99
24160,85
2075,125
8828,130
27992,93
30000,100
42871,135
32042,105
44905,178
45560,200
47264,55
32770,150
45041,100
2536,133
20104,649
6055,70
38698,358
12390,120
4143,65
1241,275
3596,99
7908,480
9370,65
17265,90
604,110
44794,149
4974,220
26611,150
34470,75
18042,80
29959,119
36908,225
28155,395
35925,80
15831,195
35507,90
17791,100
30941,200
23449,103
906,250
43801,100
45092,150
38573,50
34596,63
11528,169
14045,129
37903,125
19545,229
6644,175
9881,65
6397,895
42245,33
3328,45
48300,135
35394,65
5163,185
5918,149
27893,100
36784,49
27652,120
39300,199
36922,35
24389,250
35792,35
25657,32
48178,150
36291,72
34558,250
10678,80
41343,418
1940,145
14737,165
8879,389
38087,26
7857,90
40807,100
43814,360
41201,400
673,81
30384,89
38337,40
7955,200
34840,150
44050,90
37373,125
24351,101
35347,530
26746,75
24581,45
40496,188
14802,220
44857,60
7202,95
13887,450
28518,175
17429,85
21209,22
26210,198
34864,65
266,60
29460,49
3157,175
12265,299
32264,120
37289,125
36688,60
37630,65
32117,130
21181,95
2006,81
4392,270
43136,120
21871,65
44593,112
2558,145
27265,71
42505,200
6723,169
26102,45
35656,115
4378,169
40611,80
44236,50
23947,170
14635,40
17441,120
45704,120
29833,128
19821,140
45250,70
7682,114
24430,120
15816,70
39893,69
37142,120
5265,135
14221,39
16342,120
44235,37
14627,90
29706,40
10883,185
3755,1000
12993,239
29947,140
24767,75
35372,58
31997,80
40995,80
42969,80
19033,119
30254,175
36292,72
36316,99
20042,75
20054,145
42145,120
10186,46
33331,51
21156,210
36435,80
22299,70
23098,180
30137,29
13490,550
10553,165
45994,330
48268,199
41535,215
23419,200
9371,55
44114,78
17186,259
43066,180
46417,150
4186,250
14411,50
10014,100
42310,56
21957,75
34423,45
40472,125
17569,195
24263,125
16724,55
32799,26
27256,85
16972,100
13536,95
47360,30
18473,190
37113,147
1049,58
3138,200
33353,30
19490,65
37921,75
34556,100
33789,119
41677,172
14067,100
16424,99
4214,95
5161,100
27795,175
31671,99
26250,150
23189,399
12372,200
38902,55
20668,180
17717,215
9862,139
3270,130
11560,899
21131,45
26320,52
11394,1000
28702,200
43721,60
48585,60
15460,75
20941,149
1898,85
32774,425
35388,75
20812,85
14445,105
12097,180
24780,60
7476,85
38946,60
6629,75
34935,65
33310,265
29608,100
29184,99
15451,50
17279,40
22770,59
11739,60
37529,25
45163,325
45897,300
34086,71
35565,75
30881,300
3635,850
21904,55
31802,75
21068,50
18796,198
21672,126
5267,68
32811,299
33274,50
13072,120
25150,75
20213,60
35540,100
38103,120
6866,225
26538,95
8419,350
43587,80
38392,246
37413,115
26892,135
1338,200
48136,45
2786,115
29273,90
44686,240
25321,600
30715,90
11556,75
44425,190
35138,180
38299,175
24626,350
48328,45
35542,100
21368,30
27698,225
10093,75
29884,90
4337,325
7249,176
19506,110
21618,40
8396,115
4505,52
15808,150
18768,295
26367,80
39328,240
41118,61
9613,40
14491,45
40233,99
36774,280
13935,39
45277,87
6971,380
3645,150
42983,70
30009,257
39482,89
39965,60
21364,51
20840,85
25312,55
47824,30
22826,135
27596,150
4708,78
3820,150
31852,80
45169,224
48706,137
16366,117
26350,50
36890,199
14387,160
27905,200
3585,85
11591,120
41047,95
18037,50
15180,98
12833,260
34164,250
13464,139
33521,30
42917,150
42947,55
8343,58
19516,487
19051,110
31884,250
13725,99
1166,120
40434,120
3012,90
13375,350
30766,55
29105,70
6449,95
29312,79
34768,150
26723,155
11590,175
5055,125
10446,150
24032,69
35790,190
14706,99
33435,80
8741,85
31598,400
10571,100
39930,135
10913,60
4010,149
39557,131
24688,125
45568,300
9442,80
8349,99
3192,55
31287,50
47029,159
37535,80
48553,169
11773,200
41515,41
34797,159
25480,80
46817,60
39737,425
10974,65
47895,70
43034,70
7027,85
12561,400
5508,300
45975,89
12198,240
36959,60
36809,125
8759,47
2293,185
30116,150
32839,70
38651,80
47381,199
20020,95
10957,100
2329,110
33037,350
41754,150
7033,90
8407,215
25566,150
729,109
11169,60
16105,95
24540,1000
35726,36
11896,299
14127,36
40153,125
45150,43
11961,77
36545,112
17204,44
6726,200
14853,100
37381,650
9740,169
5148,175
105,220
35962,65
48234,60
28329,150
6339,72
5578,150
11462,59
7940,58
40620,50
19540,154
3562,150
20052,75
31697,43
48112,560
48161,170
24575,50
838,60
42316,189
28746,91
48122,69
20414,54
4787,120
25665,95
37336,155
21777,195
11947,375
19031,150
34240,49
44902,259
2035,170
5798,99
38308,35
11995,95
25468,79
29382,300
17805,80
33721,98
11122,70
35944,140
39538,185
28911,169
3175,84
42497,50
18431,60
34607,36
31499,295
6867,46
13680,50
1371,65
18330,45
822,199
30395,55
43177,79
3301,106
28281,69
48077,170
16828,175
44990,100
12506,450
25705,50
14486,200
4451,225
4011,50
2133,88
29738,25
22783,200
2033,160
5577,89
32728,88
42223,300
4606,90
17035,110
9388,68
20767,100
16227,65
48481,400
23106,88
1749,60
48498,95
9090,47
25653,110
46127,50
10480,119
39224,56
2736,300
45840,173
11898,150
33925,115
2135,100
16919,125
33326,55
40288,130
9302,250
26990,237
45860,102
25073,199
10213,70
9229,85
13124,50
12687,120
7715,260
18337,150
17008,60
15130,239
23407,160
48235,209
48026,99
12535,80
163,250
43320,50
10692,120
14241,190
14703,133
34628,225
21657,249
46981,280
41622,42
39291,200
29093,44
35727,50
8147,45
33126,40
6832,300
6251,98
43753,33
23452,250
1443,73
19008,239
3068,90
10396,48
28268,43
25388,112
26261,150
45837,300
28273,49
32149,250
48501,165
42506,80
9115,125
25391,62
30010,295
5130,395
35238,40
14354,125
34871,55
29901,70
32607,100
10512,150
29824,150
5070,175
40919,63
14361,200
3474,105
27357,107
11019,90
1682,55
34108,250
22957,275
35613,325
21622,69
34743,90
26712,160
43862,190
12306,220
15052,240
26706,50
34546,350
37321,200
12738,65
28525,400
46649,175
12832,50
42105,315
26774,275
45509,114
33380,90
46304,42
28373,250
40528,40
32454,170
22208,29
42043,350
45329,110
29374,255
7039,77
34806,160
19122,799
24907,795
33295,75
9914,600
37610,60
7012,60
15230,115
3126,175
37991,70
10397,135
35798,70
43366,60
2320,140
38318,675
46349,300
15664,150
31474,150
46879,75
35430,85
39908,399
14466,83
37759,60
4758,316
1078,225
4358,185
21527,60
35855,199
28207,200
18467,30
3690,165
27717,83
5169,55
10391,200
26021,175
45120,309
6991,125
21572,300
22135,80
45180,249
38891,199
42968,70
15194,135
17158,140
37587,275
14997,180
47643,223
4900,275
33159,275
14982,35
36280,380
17883,150
40284,67
9417,86
23324,155
21394,120
15338,40
33589,70
39968,68
20196,86
35118,45
24666,72
27504,50
39943,55
38375,41
33299,125
41323,37
7215,196
33879,115
46152,100
42872,500
43318,425
45988,650
31166,250
4780,70
15330,140
8231,62
24619,70
939,92
21861,160
45036,154
19569,300
36840,170
31197,100
40676,155
21231,640
4318,100
40014,225
24621,75
44605,247
21571,240
37507,100
8217,120
45508,328
3441,35
48260,250
26053,58
44297,50
40041,90
33170,112
3885,500
28460,125
33706,76
34150,55
39041,97
256,36
11451,120
47557,190
5597,145
10244,149
41436,228
28116,220
34276,175
43689,117
44276,228
26386,196
9312,69
25017,75
38668,250
1777,192
22808,49
7640,118
25247,60
39978,249
9413,50
44951,450
39292,59
9113,300
10263,135
36309,88
11374,120
21627,79
43541,229
26576,90
30616,125
25548,50
24045,120
25955,49
28134,142
36788,140
22642,193
41731,80
48173,50
6749,249
7271,45
41051,60
3286,220
38438,210
11626,130
47273,100
11536,120
10354,145
2569,80
3913,109
39702,80
7696,175
9139,375
47922,190
6163,69
21709,77
24997,55
48885,75
24956,55
4870,160
44974,100
35498,85
12944,100
17916,68
29697,92
33769,90
32441,300
30630,120
33226,58
35036,66
26307,110
48297,200
44554,100
11110,280
27030,174
47195,65
34819,60
327,349
37254,81
14258,79
35538,55
13640,55
8292,495
26525,110
2600,210
40278,50
5671,77
45186,314
33771,150
42,120
47303,251
38851,115
1421,160
15906,150
35982,35
23083,50
297,250
24894,111
3617,99
10427,150
17782,325
32779,60
866,59
37817,34
20658,280
23774,290
20820,57
27747,165
23478,150
33481,47
29334,100
41675,125
23469,180
28299,85
43476,200
39610,145
17348,120
32385,85
24394,181
4644,69
35161,150
20030,150
45865,200
21829,45
33406,50
35493,150
5879,199
15676,20
40138,219
20960,96
17672,87
5007,50
21883,90
7333,134
31128,200
17838,45
20524,125
39376,80
47322,59
45808,150
1075,142
25737,62
9,150
38022,35
28844,145
22279,69
29618,120
8989,93
30882,231
977,45
21984,139
16007,239
13995,100
42370,45
37504,275
25320,95
45575,659
36255,60
34127,158
3649,90
10038,75
41818,90
38488,100
7466,149
36763,89
5214,85
13662,199
4906,90
26597,145
21809,45
17409,40
8211,120
14256,69
18314,95
23520,85
743,50
15917,30
5557,80
8778,100
6986,100
9843,135
20463,100
47656,60
17691,450
19300,150
14866,450
44409,50
39281,50
39689,70
33912,190
44205,225
8477,115
36722,49
20065,100
10278,240
42408,190
31809,99
37068,180
33129,70
9627,125
34917,50
13611,115
24867,175
16274,50
9484,178
33494,49
23198,180
30240,88
39623,271
7677,125
48203,130
42473,100
1922,300
8545,85
14070,200
19280,300
29422,125
20283,55
36387,84
20885,249
13036,239
5157,129
44948,475
7731,159
45361,45
45374,269
14994,250
1471,127
47261,58
28032,50
21785,155
28786,225
19933,39
18902,60
45611,90
5606,175
28898,110
3438,120
37075,110
27088,60
47702,300
23424,39
20112,200
35688,83
28428,55
35733,195
26127,90
43703,67
48000,134
40245,75
38383,375
34078,80
40306,30
42029,60
4584,110
15902,180
16952,110
4721,74
41237,40
30441,96
8458,135
1402,165
18205,100
45794,600
41899,180
28633,55
21203,85
25671,35
15573,180
45534,249
12382,51
27098,245
36297,70
38579,56
15953,50
28721,220
2297,35
41392,95
9032,100
24100,10
4384,160
30514,115
2012,70
41426,201
588,120
37924,75
46615,300
31130,150
22351,134
28654,100
43279,68
38730,62
24407,350
18181,115
47634,215
12444,80
17430,55
24459,34
37595,175
9221,400
30405,150
27794,50
8558,60
42364,125
26008,95
41129,60
47336,99
1090,55
29431,30
24796,101
15006,85
17314,70
47425,120
15139,55
17996,150
13851,50
19862,42
563,50
16809,88
45623,110
1953,60
37351,31
10250,45
35267,214
48773,46
26418,35
32577,350
34787,59
40216,20
9738,40
31592,95
35735,175
9893,275
13425,299
2567,350
42009,160
37605,202
45365,250
4987,150
38225,150
9311,85
14236,75
34359,200
31813,45
31862,149
31389,60
47744,100
37246,260
4265,120
6238,80
17744,35
12420,160
48601,75
30149,92
38624,65
44815,120
18438,200
35244,160
31772,50
27170,100
21442,130
14014,100
12484,99
39305,85
31712,89
40226,40
27454,400
30347,250
7460,115
854,130
23308,175
45309,30
46415,36
31098,95
10657,150
25730,150
5381,100
25322,40
18134,75
27583,70
29547,173
24565,250
41500,37
12354,129
25866,40
13449,85
9743,145
45878,35
28216,50
46240,66
26975,150
16957,90
19708,50
38925,115
5423,225
22249,40
43640,300
32115,80
19580,40
17917,100
5900,199
27280,58
10622,165
25299,80
10577,88
32239,85
31114,55
27110,150
30475,48
47243,54
45902,210
8440,300
34221,155
26915,250
293,109
5264,325
36779,150
28517,22
39397,70
23196,250
25633,34
23895,225
39853,200
6101,79
19729,70
16402,99
26824,230
22083,97
42306,488
28242,12
36718,175
19839,63
14093,45
6689,320
45128,275
10897,139
47503,70
25758,100
30049,120
23820,50
17416,300
41190,53
679,349
23497,300
32175,75
35491,185
43365,110
20991,125
7288,50
3534,300
5631,80
13777,50
35889,400
44962,100
38057,30
34290,300
3659,85
23575,29
12473,99
15643,45
45205,175
40993,175
15136,169
48872,260
38899,27
33511,65
27527,180
12837,90
837,125
13780,600
2886,110
29369,111
42648,70
28956,195
47196,100
237,175
209,140
44128,170
16453,100
2417,80
13906,154
18256,100
46060,400
47033,60
43071,25
37990,110
9446,66
40057,35
9794,75
7627,80
30464,165
19148,65
32014,415
45567,190
36182,105
44040,377
30058,40
15815,70
15075,172
44010,150
34152,35
36257,288
37241,123
21069,82
33560,90
27526,45
19429,748
15224,80
15801,75
40323,110
378,55
30198,75
41644,100
25221,83
13309,60
47423,350
8541,155
7765,95
11890,125
13041,200
18579,175
26615,95
34756,65
41963,55
47109,168
473,350
41333,250
35730,65
31700,190
18582,672
16568,35
29915,200
42972,110
34421,50
16779,180
33525,299
2213,90
13427,42
8528,150
3275,100
32927,85
28144,95
16186,87
13631,175
26550,125
18474,80
32351,50
2798,224
25476,170
30162,100
41664,209
9344,75
3838,130
48781,80
32437,60
4322,180
4851,200
23184,98
12875,119
19169,100
308,229
45386,110
7799,179
18750,152
29562,150
7327,90
38417,74
46453,145
27585,75
1904,150
20588,119
10854,500
34025,50
47463,59
1779,163
23354,60
37097,185
10991,55
1000,88
40289,209
14219,90
18252,69
34617,40
8056,80
46449,170
28971,90
1638,150
40740,200
44706,88
11209,250
39555,65
2659,120
38036,135
14592,55
20729,135
45504,40
2262,131
10568,170
45772,169
22797,186
9806,67
36812,175
35246,55
40746,135
30520,200
31807,40
8249,152
41387,230
35596,85
48433,100
38855,65
21943,80
48167,55
33388,65
6827,200
41382,375
16120,195
27458,220
23074,430
41027,38
39016,100
43125,56
7698,90
14180,170
785,130
11087,145
10449,65
21759,130
42552,299
24861,200
33153,208
44347,311
4276,100
2890,212
21906,100
40118,150
40882,115
39260,80
3491,124
39527,120
29794,149
27457,70
18597,60
43021,169
15690,150
45091,350
32356,55
34170,60
45990,599
33469,55
42609,250
23628,475
19255,85
14736,95
42666,65
9884,70
38441,45
3671,215
41427,229
3466,80
45278,98
11653,80
1775,128
43323,49
41541,49
33942,33
10173,90
24737,100
38501,100
22940,180
48259,65
34885,175
2676,175
39549,150
13239,100
22447,95
18503,375
3066,75
4118,160
38658,42
2652,75
43314,160
6368,99
21260,55
23493,65
24682,80
39366,75
2782,149
28464,60
29597,65
5104,170
24507,99
25474,120
12692,120
37489,155
25418,179
13510,62
28843,150
30036,75
9692,69
29049,67
46300,159
22551,75
47766,60
13051,115
9745,135
39181,45
37858,98
5457,150
14960,100
40775,200
32663,350
47603,295
3453,199
2132,199
7667,100
15613,53
15868,120
42277,69
2250,145
39137,133
36918,150
24908,135
32749,250
13178,25
5696,100
16678,110
25832,140
37841,270
26543,195
6157,163
26908,150
44540,70
40654,130
29604,75
15024,250
30582,250
23847,93
22463,120
34795,55
26629,50
31310,65
24727,325
48490,58
45248,130
17499,35
21763,60
16854,179
8876,155
34483,150
36866,199
34783,55
23170,200
31479,85
6941,70
13563,60
7769,65
40391,70
19367,40
37647,85
35609,35
43016,169
46931,650
12548,100
17989,265
36726,50
36457,230
1701,100
25147,190
3829,150
300,150
29412,89
2159,60
45349,35
27448,200
12015,99
30547,72
46462,250
35302,140
25966,100
40200,20
38774,294
1827,100
46098,97
37837,80
25264,95
37614,59
35997,70
21119,55
13584,46
35809,800
27383,102
40613,63
715,300
36063,50
35266,95
19815,60
6078,80
39352,49
35285,199
23201,165
20914,81
8144,55
43492,200
39653,80
2900,74
12514,120
21921,110
29923,125
32219,295
30300,400
5052,34
1259,217
19337,65
12041,150
45552,100
36360,195
5782,150
2163,575
4903,84
4443,499
35001,269
16445,319
45615,75
46221,125
45945,60
36327,150
12417,195
28227,40
4598,45
7407,45
36575,100
31298,79
21534,37
1891,269
5628,155
22342,69
27162,200
18804,235
26703,90
1935,100
48345,120
40303,125
25593,192
33516,49
20382,90
29888,115
14637,190
11791,169
12487,75
22714,200
27044,150
6111,65
32614,62
44157,126
27634,59
195,123
15220,65
37687,190
32594,47
31986,72
16923,75
12553,173
39842,180
42396,80
28628,79
28127,150
25656,150
12510,85
47773,62
28120,600
38360,89
21280,239
19534,75
33590,49
29816,36
35127,119
5826,96
9750,172
32712,70
28105,129
14575,87
35472,140
12868,165
41942,200
15018,45
17742,95
28699,125
19445,120
39480,140
26822,40
24391,140
43698,85
33163,425
27228,40
9283,190
20788,200
13507,97
39534,66
41559,67
33427,200
742,350
29508,75
29186,47
24813,125
10051,45
36589,120
24969,90
12814,86
31230,300
36661,151
39392,95
19374,80
33888,65
25429,65
5335,139
2300,80
6730,180
47544,180
40678,70
22231,157
30509,300
28094,65
36300,235
2785,138
8931,245
13890,48
36026,150
2257,149
47600,50
20902,50
17457,118
36867,70
29395,40
47786,225
27780,85
22404,130
13112,380
29522,200
19356,95
13697,60
17904,90
42070,100
12161,99
35130,150
3085,92
12959,50
48029,40
19831,700
28277,300
15170,99
38192,178
5765,270
46648,200
6951,95
6824,100
11188,35
13129,55
16688,200
44608,55
21454,60
11410,225
28577,109
7309,44
9405,65
48366,150
31663,400
36243,200
28742,85
33672,89
3214,195
37268,99
22366,80
19554,210
16365,70
25086,58
4973,175
27281,150
33712,99
30873,180
130,89
21520,96
35348,34
2803,250
8986,125
28420,150
41702,200
44328,577
14857,95
11656,90
8181,175
46114,99
1766,115
9670,100
48169,300
45758,36
28744,225
46408,49
5858,215
18237,195
14116,133
31746,42
7530,60
7201,110
27193,150
42210,35
9444,139
16041,175
18414,105
14440,50
15752,50
42811,85
38389,44
47912,130
39634,300
18703,180
10574,45
36699,150
41998,134
21555,275
24985,45
23525,150
30988,90
33185,240
34508,239
35283,250
26449,38
43222,182
30726,149
8709,45
6308,170
7669,320
14310,90
2577,199
18685,58
15159,206
33543,125
17054,70
22245,115
10144,70
46842,48
41617,160
23644,90
4669,80
39170,48
44116,85
3811,75
31828,149
29468,100
14094,129
7148,85
6169,49
9093,230
32199,232
31590,40
39640,80
30636,140
6708,99
8148,199
30947,77
31014,50
20287,75
14847,70
8923,120
14288,500
47427,299
7767,95
784,140
24481,70
16169,50
34980,295
45171,35
10823,78
12008,99
10166,69
47486,35
26268,150
10045,72
40430,85
7493,110
633,399
33181,185
16208,219
40853,375
34266,150
7301,99
26118,70
13137,99
45469,68
40087,48
5581,103
48372,200
20805,100
20465,55
16679,150
48376,250
17681,125
3679,159
10472,152
39966,65
15191,60
35494,225
42224,150
13093,152
13647,235
37106,180
36849,196
31039,275
9778,45
47562,60
13625,35
42579,50
7875,65
7342,150
9640,100
35955,250
3855,55
10712,109
20195,199
15148,81
42785,175
4557,70
35573,500
5277,75
35879,195
6136,175
20083,34
46977,90
4030,100
19486,65
28912,50
3801,110
10053,150
32963,140
45569,300
33557,80
38879,55
41346,75
38953,189
21567,185
28565,70
22254,225
9482,63
45226,45
47056,275
28527,140
14034,165
30212,93
25543,72
3101,139
48526,45
23750,70
45566,300
40630,60
14787,45
42737,180
18362,89
22317,53
23375,44
16663,150
42751,135
44663,50
46052,150
2014,100
16287,269
31419,60
10258,60
25360,55
23830,125
47495,99
2374,212
14192,198
34761,111
34824,120
18053,90
46969,50
17787,25
14563,225
13147,175
42798,74
34511,187
21547,200
2628,90
19915,100
47651,189
29907,70
40193,120
29293,100
38,150
18504,129
13423,125
19978,35
33110,112
37933,60
28528,65
48058,115
34214,185
9850,85
19116,89
35904,150
3265,399
31062,41
14205,125
32054,65
35515,160
360,50
47238,150
27533,125
5913,110
43662,115
31402,290
8283,95
5636,58
35655,350
2109,195
32608,65
29647,175
26126,75
44098,100
8005,123
38944,42
19967,150
41002,50
30529,500
6152,75
24385,120
33666,75
2977,195
7963,89
37565,200
39095,85
10857,414
16498,75
38611,90
14581,375
13043,190
521,169
44355,85
3631,112
32461,125
36114,80
34920,33
27785,1000
24110,250
30494,125
24685,210
22709,53
46668,120
40772,250
29074,185
12062,70
40290,55
10538,65
35744,60
48840,140
15886,44
19383,90
37974,90
35110,65
37950,80
46511,190
33236,35
47043,90
14311,109
29029,40
16967,80
25378,325
29566,75
215,130
27921,65
7084,90
38085,150
26164,99
11541,99
47127,99
10579,165
48614,240
8454,200
1809,165
4298,130
36434,65
43819,325
2802,175
23842,60
16838,65
22849,75
9505,299
5612,75
6303,219
25890,178
42097,304
44304,499
14658,79
33145,200
36940,65
1725,119
25638,70
4141,40
13059,67
21522,160
10359,215
20068,599
43173,100
31192,250
13795,65
4034,550
15883,49
12407,300
25694,79
228,150
47570,225
24005,69
24449,80
40588,225
6778,105
12254,225
44141,44
41844,146
23028,40
44066,68
28763,95
13379,80
41567,195
45630,90
18260,145
48713,40
37639,130
27666,185
22593,179
46635,50
38324,714
13065,90
31900,45
25745,180
14424,285
28132,115
27796,230
32418,65
48190,200
28768,199
42085,305
37781,162
42391,39
28219,250
2330,100
37496,170
32619,33
3252,130
10028,150
29122,35
41519,33
8124,59
37291,175
1685,82
10179,160
46727,226
20510,31
43793,345
3650,285
632,100
36719,49
13412,117
8250,249
8365,400
14419,250
27879,70
22760,195
40334,399
1310,79
8359,272
12098,34
27836,175
44807,160
2398,130
40407,150
43203,115
21214,40
18447,185
19762,109
33344,58
32165,49
34364,89
38799,248
3448,45
9829,90
48121,175
12613,200
15020,90
29275,200
3938,279
13969,199
34104,150
25269,37
32253,200
12773,75
17259,99
46597,60
5195,85
17014,67
24282,80
22361,69
39071,119
24764,45
2920,220
48056,90
39391,60
34241,165
5984,180
29942,35
30875,63
25817,179
31895,80
39242,135
44224,1000
37531,43
37835,125
25887,130
27473,55
44324,200
32586,200
4715,65
47874,44
37440,70
44428,60
47526,139
1001,215
22657,278
12956,80
34833,250
40447,100
28058,65
40838,250
38045,59
42679,75
4338,200
24484,170
24788,40
46413,36
34411,80
33991,190
12279,180
10664,125
32255,46
6679,195
31051,57
28594,50
9383,180
39611,185
30695,227
14786,140
28762,250
1649,108
15278,100
39615,120
13719,125
25984,60
33240,650
10895,200
7187,115
28474,149
36598,157
22108,127
43949,80
13010,300
30392,170
43325,123
6479,105
7729,249
47253,40
9588,50
17939,70
7601,181
43663,120
37667,70
33644,150
6064,105
11824,89
8573,700
29676,90
5580,58
43898,75
23394,55
5907,94
48323,125
10184,150
9249,89
38858,50
4314,95
39604,100
5289,75
2249,60
46306,42
20761,130
21006,70
7274,200
6222,205
18326,85
21880,148
37344,120
45160,302
16032,150
9170,70
27310,159
17180,115
32181,47
38472,34
31798,70
44654,80
29465,32
38154,250
12746,80
34185,200
43278,250
7524,209
11775,150
12304,166
25799,139
42167,111
42125,234
30489,57
4548,270
25486,30
27904,200
12409,289
16711,40
18881,250
25828,35
33595,80
31562,75
432,250
48861,120
3728,80
2792,95
12516,31
3013,275
33716,60
11769,79
35690,175
27711,31
973,125
18740,800
38598,200
21524,50
9260,170
43118,135
47775,500
31466,99
35946,70
36448,240
32752,49
33457,75
22129,62
14695,97
13475,587
30348,80
32024,168
42468,65
36830,33
12573,239
30887,50
19939,100
5988,135
17759,75
8586,130
44490,380
22524,65
37649,225
41712,250
4661,68
12153,275
24955,65
17055,36
16088,100
33071,100
33386,210
21938,125
29488,55
19688,70
38867,295
29883,250
34043,46
48140,100
32343,95
41949,83
30981,158
4834,50
24339,100
13113,55
37025,190
25696,40
24945,35
33736,150
39320,345
39034,70
2511,399
2207,130
36268,60
36471,100
31963,350
29978,100
24824,280
28434,120
10963,127
14112,205
15546,175
27699,94
7214,129
30094,120
41537,80
27288,32
38580,150
14470,177
24386,51
15134,91
24722,40
23834,100
39183,150
522,99
21939,44
19993,220
33431,150
7770,110
8207,125
27915,190
40672,60
13653,135
26046,93
33289,220
33443,160
35436,380
8627,160
35416,75
47407,200
35072,150
36721,65
33743,80
8522,900
19353,250
5512,180
6576,200
2173,99
29159,120
23003,170
15609,165
2805,75
23595,68
12136,300
39117,199
25981,42
10776,230
48129,55
33804,75
6166,205
13863,220
45116,583
39583,90
36308,55
39144,175
21412,95
21481,650
2156,275
5888,99
12112,280
34436,90
15764,37
30070,55
19532,55
28370,53
15960,150
20797,100
24231,80
24644,100
19979,99
15870,100
565,250
36503,250
42366,130
44989,100
25702,75
24318,145
29164,68
45335,40
37806,165
3990,141
44732,85
1060,49
8996,150
25305,217
10335,369
40312,175
11284,60
15509,99
47818,350
28764,80
3485,169
24977,100
14878,200
7989,97
24048,157
2544,199
8612,450
14068,50
19616,89
941,110
39025,43
14588,400
42074,499
40032,890
35260,60
25536,58
26585,50
34504,209
3193,228
10545,168
22792,190
30929,45
41180,160
2703,175
6333,1000
6403,45
16690,75
8765,100
24538,175
33911,80
39102,398
40148,110
10547,125
29060,49
16095,100
36061,55
8564,99
7007,40
39362,150
47145,75
11576,40
43620,170
1713,280
34550,180
42304,79
12987,200
8204,63
32013,350
35173,400
22643,50
23412,120
46443,126
43309,50
44232,65
3212,98
47629,100
21153,100
9555,280
13448,200
33271,190
41351,69
38680,283
27535,82
38069,79
3961,129
23791,115
12727,70
19561,200
27872,70
1852,42
28621,40
40399,199
25419,269
32033,80
25788,182
31539,45
22710,145
5643,158
32796,1000
41652,275
14758,205
22458,50
36740,200
20329,47
43632,85
567,230
39825,200
45285,180
32957,399
24496,65
14179,40
3590,135
43185,120
13485,65
35060,125
43928,500
38704,312
26032,42
4957,180
30075,127
324,350
43774,200
30946,120
20428,66
9347,95
1982,185
23873,85
465,46
33107,250
5944,137
20670,74
17218,700
37555,300
26163,55
38016,130
6552,75
34962,85
32647,70
19645,65
25970,85
43420,149
19885,180
33962,45
28584,120
40357,120
10557,225
1280,210
19605,135
24965,45
39358,99
39837,75
10858,125
24905,40
19731,153
20689,63
32271,175
24971,75
23921,226
5367,200
6739,73
15344,125
37157,65
32627,45
25170,76
43341,65
9128,190
32146,75
576,80
20806,69
7718,75
32668,60
29887,27
17633,52
19882,200
20803,120
28576,58
22271,155
32792,38
45199,110
44578,100
32475,207
7794,142
47993,110
28901,30
28771,400
22554,110
39582,199
8299,200
30961,99
5962,220
29420,150
31021,60
40751,175
35209,300
39114,80
6631,99
38427,150
13808,65
21842,380
41872,48
30666,100
12376,78
11630,75
32549,179
15873,92
20168,80
9865,115
11762,50
37709,120
46633,75
47134,220
20690,50
32505,70
5615,200
31156,175
47169,99
24227,275
11037,250
34019,285
3464,130
18961,40
21318,175
41845,250
2871,155
29182,115
47481,260
11491,195
38871,25
24128,120
38649,195
12282,160
8582,225
8855,59
39591,150
18802,415
13709,37
38605,140
15103,80
45771,140
37283,150
2391,190
45835,299
11804,47
41988,432
9142,70
33693,128
28683,50
47108,100
19332,90
4333,149
26018,116
16920,99
31933,85
18588,300
40762,160
13405,140
43005,300
1100,235
42883,249
25842,180
47921,200
29111,90
3747,289
39826,102
26128,114
1418,165
26873,65
41685,62
22802,119
36311,58
8187,300
12942,39
19552,140
24744,80
20308,30
17001,225
11694,125
2452,275
2007,191
13721,94
17205,100
8905,69
38023,103
1424,299
22339,159
28641,42
37518,130
41081,75
12433,225
32832,65
4884,38
1937,235
2832,300
48821,50
47936,65
45053,72
13636,91
1104,100
11547,275
39902,58
29140,60
25594,60
22218,127
46425,196
7763,95
38218,75
25262,55
29254,39
41954,80
41929,45
6417,115
4236,100
15618,99
30287,47
29580,90
29546,130
26898,165
34684,45
33366,79
16122,1000
16231,126
37963,50
13025,38
11953,425
2515,119
9164,90
23823,46
36544,150
28378,105
45882,255
22514,115
27840,105
40857,48
36132,99
11387,125
47344,125
33367,79
27544,89
34903,85
793,300
23204,51
46866,70
12103,175
38689,238
31077,65
41792,206
40183,200
34036,750
15401,45
45580,399
9322,149
4350,110
4639,289
26662,195
32324,339
24869,105
46934,189
41788,69
17521,125
14294,98
12888,60
22105,89
25950,30
25675,151
2074,118
33332,275
15653,150
9799,55
29639,35
44421,187
30706,105
17868,150
45792,35
30786,100
4174,225
12853,150
34619,65
12838,225
6514,130
21914,240
748,250
22359,142
6583,50
21141,170
37320,72
16844,35
42797,90
27215,90
23605,300
13084,125
5989,275
5365,170
44194,370
17848,50
23349,98
38197,40
23089,126
35376,130
31923,175
44062,99
33471,33
40692,120
2415,137
19478,61
27337,125
3545,130
14604,100
25839,110
26861,150
28292,60
35815,225
18926,45
15380,190
15382,45
1602,160
5000,129
39960,140
37090,65
9814,200
27237,67
24964,200
40679,57
33583,149
43225,100
33054,115
22195,115
37369,70
7076,60
3743,219
45595,25
46974,50
41470,215
46876,299
27517,55
26744,65
12852,75
43461,90
14690,75
46102,294
11770,240
15802,75
22376,499
46078,100
47235,295
8900,225
31681,200
24533,67
35707,99
44924,150
27551,120
13549,85
15791,49
622,130
27421,75
3077,300
8436,69
41994,125
26577,159
29500,200
7275,38
2966,84
20877,87
1983,115
17164,152
16617,80
21024,125
35056,73
3972,110
20153,200
26838,68
27569,175
45237,125
28328,49
6699,254
15911,400
7894,109
16447,56
43050,60
38336,50
34069,30
24778,85
2892,80
19547,170
6498,170
26466,129
37270,299
638,110
41684,220
16031,39
16975,360
20252,70
39485,90
29107,80
27139,66
46106,100
43527,214
39706,155
22329,60
32879,150
28559,50
36208,70
19919,50
44212,73
18599,100
46765,100
5649,51
10337,120
8105,60
41890,540
2229,95
31115,65
28163,300
40554,150
37418,70
16343,125
30215,140
28197,161
45898,150
42749,65
5441,45
31352,168
30803,200
46294,70
25109,98
6937,60
30540,36
41502,75
32432,80
48712,89
36693,80
20051,86
39433,600
2820,51
43547,169
35557,95
3543,70
48659,74
22535,99
5624,180
25736,70
37449,39
12726,120
43979,100
2969,115
30093,90
1708,90
7712,40
9766,250
41639,55
13827,70
24357,44
7526,202
13517,449
37424,108
26464,99
34007,70
27660,110
25781,35
15282,55
8268,284
35509,30
10318,200
31804,180
36302,70
30677,150
337,199
16985,79
7540,195
14360,40
36138,225
18248,185
26427,250
1229,200
46755,119
15481,50
17227,128
46851,180
11175,49
47568,225
5546,125
8489,53
8418,85
8907,177
33194,250
9533,120
7433,99
12335,80
45016,100
2288,175
35185,180
44622,130
47637,175
25990,60
11287,65
30295,68
6121,120
6512,65
45951,194
18027,179
7615,200
2444,135
10030,69
38463,93
17231,60
11206,155
29869,400
12037,150
42862,55
20858,550
20053,55
7747,250
31711,42
46885,203
268,100
11166,150
42226,140
14666,299
33351,120
27549,148
34842,120
33012,50
46556,335
17140,49
38833,65
749,190
23302,150
3664,140
3260,119
37945,120
37863,200
48489,181
25579,110
44156,149
40701,205
17090,179
24124,37
10364,80
43608,250
2799,120
6875,110
43506,50
46692,299
34968,65
45457,40
26486,139
3481,100
12909,42
17303,185
32435,350
47252,74
16716,55
43232,50
8301,45
23112,55
29198,35
31981,224
36475,55
34326,130
15663,40
39082,70
21898,70
28794,225
11065,70
4750,300
40987,120
18681,200
26158,150
42770,125
5110,125
3814,70
36276,65
42692,95
33370,125
12033,75
38748,290
33233,90
26678,55
32947,215
29345,45
4849,100
46929,250
41302,180
6696,54
31268,70
43073,230
24558,130
46674,110
14832,245
21612,175
37591,100
23505,125
11187,200
18798,200
40624,299
44648,49
24624,57
25499,150
18082,67
38182,99
37229,260
41065,99
40551,200
18731,120
19235,88
14698,63
23643,109
8595,70
4854,75
28206,80
42933,90
19656,45
33479,130
13729,81
44431,200
27333,110
45351,83
13991,250
21439,600
29083,110
37588,650
40004,300
10892,35
39026,72
10211,90
19133,150
14501,65
28157,50
5687,180
5327,80
45499,490
48120,200
5386,200
47616,750
39251,55
31363,45
35512,100
4786,69
19095,93
20813,200
10758,52
25087,179
7614,70
6817,82
15145,65
11457,38
19814,100
15482,150
19237,179
44244,60
18628,60
27307,95
41206,42
24834,60
22886,60
46717,170
19294,32
16686,175
45348,75
25091,200
5010,180
6767,60
45426,50
3595,215
39106,189
28688,200
34256,135
37362,200
21923,49
38876,150
22830,40
6826,190
22993,199
21620,50
13503,100
4113,79
30818,80
40978,60
14839,140
18182,150
39746,175
32090,140
23429,134
25496,105
29819,295
491,89
22649,325
27918,180
45280,60
25598,66
1637,125
7889,60
19119,80
44423,43
42722,80
96,140
22459,60
30066,130
864,99
44323,70
45982,68
39135,175
34156,98
11588,249
10729,100
37393,250
14349,185
28524,29
39321,175
11811,50
27582,250
10521,85
21106,158
10953,160
48159,250
14029,40
16947,40
43844,40
11279,95
24433,42
9066,120
22933,278
34261,175
16224,90
2608,175
20258,120
30531,70
5426,75
23283,55
45009,100
10721,85
37224,85
24020,87
34516,200
30038,160
46729,214
3419,120
33520,220
13760,47
29882,350
18521,90
33651,102
45139,78
31090,250
5513,226
13515,102
12824,300
40879,130
28696,239
2852,142
40981,60
27931,345
14372,229
26500,273
40162,48
32596,177
11789,75
3095,87
1399,136
3680,99
43845,60
13210,59
48046,229
13755,90
28223,99
19331,174
14209,90
32020,54
43482,150
33778,74
28508,50
39618,250
29380,200
30140,41
38357,220
3390,32
15625,85
40508,28
20574,105
4980,100
47002,120
39851,80
31753,122
7362,142
6694,79
42567,100
40513,88
274,115
4593,220
26468,86
21808,100
16488,160
37067,300
17176,79
22893,140
15985,200
24447,50
3418,57
37635,99
25285,30
13287,57
14026,115
15531,184
37955,275
5373,168
25329,300
3349,53
38583,120
24234,167
47553,340
10261,123
37002,115
32081,170
35896,200
46317,110
5680,90
38282,50
42548,143
1873,149
31092,55
44148,195
35067,65
33767,345
46894,25
28119,70
37953,129
16188,120
36704,65
24405,102
43956,54
18808,100
23121,150
13199,60
12607,85
27647,75
34233,190
36075,85
5527,185
7971,150
44828,58
26554,115
18617,55
9021,120
15646,125
24818,150
42774,69
263,390
613,270
1005,75
45000,100
21789,197
40317,300
22248,160
32636,110
14536,112
26728,35
48451,199
16443,40
29449,60
1405,148
31379,40
30328,300
45149,48
37307,100
8438,499
15603,50
9374,110
7562,80
10590,62
47290,350
30252,60
18799,55
18844,60
29370,35
38884,215
6882,65
23278,49
31646,69
31301,220
41725,150
5334,35
28920,95
1549,150
30538,65
28792,135
31600,139
31154,58
30966,75
23729,89
35362,120
6546,150
30550,120
32022,80
42386,177
31442,90
10711,98
41310,180
39803,80
33809,65
10233,221
478,190
31381,70
15316,225
27815,69
48779,50
11121,60
30214,65
403,97
32976,333
31774,151
27790,95
7511,110
10344,120
9969,119
2834,120
30634,108
31178,21
19334,94
40350,160
17280,120
1068,80
25755,184
42183,85
25464,80
10636,45
16605,45
33014,60
29401,88
18977,59
14417,145
9718,400
38770,271
1271,55
47974,149
24126,103
16885,125
48853,202
25277,75
19220,65
43750,90
19446,90
39630,60
16962,190
8813,195
23634,250
29912,140
19195,200
1125,85
46545,62
10422,250
24101,375
12582,220
7145,139
41357,220
35684,110
40159,110
32722,89
25510,38
7042,70
33418,99
1652,175
33303,50
47189,140
15308,150
41072,149
26513,45
42775,63
24151,250
39795,120
40388,65
30122,133
9263,150
44623,38
12745,120
15770,85
20164,699
36077,39
10012,70
33832,92
32427,90
31835,59
17237,200
14798,250
8132,99
37177,200
15292,295
15424,45
39612,250
5565,100
37824,250
14959,65
33609,55
39658,100
41866,67
44380,68
22630,125
12229,280
9895,70
41033,41
18213,316
11922,130
19013,225
13456,150
35865,575
34337,699
25043,61
46120,55
45136,390
48338,80
36695,100
41185,80
16329,70
28700,31
16226,400
39951,160
31897,50
3322,450
19101,89
6543,120
35183,70
40724,250
22002,58
20139,65
19533,115
25773,135
29911,120
10296,275
26765,35
26144,350
45618,44
16158,45
19179,99
7946,170
11213,300
7816,60
18636,189
35398,120
3520,200
10152,70
6018,75
23648,278
12388,90
13261,65
4769,400
26522,60
44801,25
22417,49
41377,503
20012,40
39576,130
13327,35
8370,125
34742,151
11697,195
42854,100
35971,110
12782,100
17858,59
33195,95
13341,50
6711,86
47027,100
3295,72
38455,89
2220,59
34801,75
4438,70
40371,210
34580,58
41074,100
6416,130
43736,60
4040,109
45109,100
3751,75
45470,300
20347,90
42846,700
1805,95
48019,209
13022,101
15781,85
24899,280
5119,55
33728,65
48452,250
2110,89
18518,275
13531,250
10770,89
22089,50
38764,314
35157,83
43556,130
44331,125
13826,65
3627,340
41107,37
30782,60
16632,75
19940,75
5389,42
12442,179
6959,84
36522,45
47667,323
25602,106
6774,50
39405,69
231,250
33677,80
21980,79
21510,199
10893,110
16651,120
34853,139
21745,75
38880,110
45743,245
45475,68
175,110
42881,125
26514,50
36537,68
25278,89
29298,55
4860,375
37887,42
11719,70
41130,60
19932,65
18394,50
34645,60
23438,51
45963,295
16218,300
36129,275
33947,109
6279,400
29949,100
28810,100
33134,38
9811,60
47678,150
36286,59
7553,125
48236,55
7849,65
30926,200
46736,250
43744,350
16094,220
35832,40
23562,50
44842,100
10437,75
47429,101
32281,165
46494,33
31899,60
4531,150
29685,69
43641,300
13987,98
29832,29
34847,130
31420,165
38797,341
791,75
34363,65
26766,45
17966,90
4441,129
41784,175
31276,150
31198,300
23307,75
19452,250
12962,290
30358,46
2047,250
26590,100
45762,32
991,130
11722,120
19120,75
234,225
40376,200
41649,51
31017,99
4476,75
19315,95
2507,350
28202,349
27742,30
37297,100
12650,85
47727,299
33533,99
4612,149
32058,99
25939,79
36769,66
1117,70
17562,129
16456,150
34976,100
28267,169
37652,70
5485,170
40560,55
45494,110
11309,250
15772,60
46357,71
9258,272
25244,65
870,109
16393,154
23638,125
20176,110
4898,550
36882,270
27384,75
10456,49
27993,160
27603,75
44076,99
30894,199
19711,375
33156,300
17873,99
31303,300
47017,85
33234,171
21928,130
10876,109
43149,50
37394,120
17760,140
35212,73
8864,375
25276,300
241,135
30673,130
29616,50
3865,250
37612,165
48595,400
1444,150
4879,109
25432,89
48841,210
42584,40
5291,39
10806,60
43000,59
38981,800
42283,250
33563,99
6794,150
34033,140
28949,125
7655,120
16128,50
9542,40
32541,149
23499,389
42669,55
33903,70
657,295
20854,200
39574,180
36173,200
21891,100
34910,43
6686,95
24404,55
44603,154
36094,282
34273,120
548,67
45319,85
34549,59
18712,195
29231,180
43604,70
26950,200
22833,165
47053,350
24836,120
42204,140
39927,155
43151,125
42346,80
10410,350
46904,35
12179,70
27965,37
30222,75
21886,120
31680,128
7117,45
26113,243
40415,156
32921,135
35793,40
6981,150
42008,50
48144,180
35677,45
21791,350
40090,35
41577,100
18801,165
41177,55
862,135
43550,75
30496,100
48816,100
30217,100
4703,240
7358,175
16956,135
5770,119
7118,65
19218,49
12226,80
39961,649
24288,300
23669,250
18607,200
6524,200
21447,85
43797,34
6547,145
23005,100
32654,60
19338,100
34476,75
43936,90
28678,85
14651,50
7929,60
20169,265
39468,159
32527,149
34443,80
20659,100
34059,99
21941,55
43146,750
24660,50
47726,90
19463,198
37539,95
45274,20
33750,289
40016,83
24047,75
33193,200
12676,125
47129,175
23798,90
13643,90
32824,69
40142,35
8386,180
27741,78
25411,185
34647,62
22284,69
17375,59
42321,169
6345,95
23675,40
23341,200
6879,125
2100,650
34121,99
44867,70
13659,70
28076,100
10121,450
42056,125
24420,48
30241,80
2304,85
32447,236
22475,150
38676,312
18819,85
3722,125
19555,65
36482,50
42410,60
3447,55
32602,200
40938,46
7506,110
2406,85
37080,255
37036,75
4192,50
25326,149
9562,130
17233,349
33818,60
5213,149
43400,125
35772,71
20266,150
25460,170
15495,250
22032,199
38224,63
39035,200
34229,132
2118,98
1551,150
42549,75
14772,120
17706,60
14117,45
9067,110
1006,145
21071,120
32877,325
30652,220
24464,175
20184,90
40795,57
26337,60
9000,122
42014,67
28079,120
20363,68
23667,90
9433,200
8043,200
8464,90
42981,228
22300,70
4163,125
7710,160
21374,225
4434,414
19183,850
17081,57
23113,165
33514,175
36941,40
18672,66
28039,155
26906,85
28773,50
45134,34
47295,100
40991,65
21580,60
25804,75
31170,80
21109,77
48830,199
6054,195
23679,52
32501,123
35841,99
40538,133
42367,400
4862,225
11400,45
21589,150
43033,169
284,212
34667,150
39489,350
23034,58
15467,80
41203,150
13601,55
26043,48
12985,65
30054,117
11866,20
41133,190
23334,75
23248,50
47950,800
35442,299
2758,100
23574,105
2849,99
19863,130
33483,145
24729,39
7882,80
43374,24
24809,100
17767,70
10477,70
37561,150
9906,45
11720,195
12648,170
35701,180
40579,40
21444,230
16886,76
27108,80
11432,350
3470,73
449,75
40003,85
23147,59
37244,95
17522,75
11332,150
2687,65
3544,85
11785,130
46714,400
32294,145
9024,111
41157,80
17071,175
38095,109
152,125
10745,75
23224,183
11376,179
42093,324
13776,50
28899,200
32708,45
48116,56
25019,65
29790,60
5533,60
47272,300
30453,640
8839,295
17763,85
42012,50
48227,500
8015,200
44450,40
8041,100
31180,47
4014,60
4813,150
25444,56
9780,210
2837,72
3224,80
12132,95
44036,50
8170,46
6154,97
15323,250
33934,150
18340,99
28572,485
39864,40
80,145
6820,69
43158,85
27058,35
14461,65
10939,124
42400,50
47405,270
3116,240
10794,75
9509,49
2429,99
6275,260
10515,104
16631,150
31354,118
16153,90
27227,100
28961,200
10910,160
1024,90
15513,500
34717,45
44931,255
18825,110
40615,75
6912,50
15142,175
36848,93
26837,120
15417,300
31057,412
9966,33
16417,70
9458,175
2351,99
723,99
32134,100
30780,50
23586,40
32680,169
12166,275
33167,120
18218,200
36927,75
38900,49
28712,50
27547,46
38411,50
5691,65
45287,75
42920,336
9408,45
33785,110
41780,175
15542,190
9929,90
22268,200
6361,150
16647,78
10231,75
2764,70
43298,99
35880,125
16934,170
35620,50
22962,55
15730,65
28110,175
41442,215
14046,45
23726,159
42635,52
46664,347
15767,90
32806,105
23380,100
44044,199
18180,100
13417,205
36122,37
6607,100
34896,50
20438,43
8071,100
4848,200
25195,154
24930,75
22103,59
44947,350
36196,70
20429,135
30599,110
43236,70
25293,147
16933,195
28793,75
28767,105
40264,187
25926,75
35305,119
44089,245
41797,87
24806,83
30118,70
38848,290
14085,250
17224,99
35918,50
45330,120
18947,90
47288,226
1067,94
32053,45
28064,89
43083,45
24399,163
35190,225
262,135
15607,48
1857,135
35773,170
26621,70
343,79
39048,180
27502,75
29098,179
42888,125
44519,65
7295,73
31648,134
6362,84
36731,105
38297,150
22364,72
12630,35
29090,111
47729,168
22804,80
7372,145
35713,134
36817,200
2036,105
20542,177
34098,140
20949,150
4607,120
12725,190
4006,59
43770,160
8337,56
18603,78
29614,60
34867,229
16994,350
21942,47
14754,129
16660,70
368,100
42645,70
1346,175
48739,100
11057,250
44721,230
24613,60
9054,250
26775,110
6341,180
31509,265
14734,55
47487,85
9721,85
14381,36
40637,45
34001,95
18008,267
32612,225
27238,50
48750,150
29421,70
25792,125
45299,40
38646,214
25569,144
11550,95
4208,55
7954,245
20629,230
43156,40
39637,180
42152,72
9033,149
15842,99
9187,48
31,52
40816,50
40279,45
48177,240
25341,85
11821,150
1889,200
6219,108
35598,78
33187,40
24976,90
12130,69
36824,100
41553,99
21163,98
13846,51
44007,228
19433,80
11763,110
1934,80
31513,300
25294,75
47343,195
1844,110
24951,150
17721,75
1020,175
44144,60
33571,900
25830,50
44542,250
38464,40
23606,45
17677,110
17209,273
10132,59
4272,200
7797,259
18259,165
46572,260
10462,185
31953,40
30651,80
30579,34
38601,55
32361,225
8380,150
19172,69
12864,180
3681,395
37819,135
3090,400
29190,80
14087,33
22543,185
15701,128
44954,500
34811,129
14265,90
18025,96
28667,120
3529,400
8013,150
14216,150
37693,110
8099,95
23262,46
15838,80
48265,50
11889,250
34247,60
33341,200
11379,100
22038,50
20867,180
20227,114
21003,50
40272,50
43722,100
46780,199
29868,55
31535,50
31242,65
33816,70
2141,78
36724,65
37117,298
33125,85
18196,159
28592,200
41356,450
33833,70
11179,45
14010,60
34527,495
22908,65
9994,175
20442,97
36215,200
33782,65
12877,170
27878,150
7354,70
9686,145
47728,75
40043,85
31705,200
11026,200
18859,60
1668,55
38473,91
33694,125
15432,66
29837,45
18696,59
1395,90
13927,120
21553,355
43583,165
44202,101
43517,41
29948,150
32805,70
32719,52
45904,225
47789,110
27104,110
23724,275
8023,40
39632,135
16667,250
42695,103
42291,489
19035,90
41415,412
41507,35
46353,45
9810,78
27702,187
26888,50
40536,50
161,79
19927,56
11877,165
33008,125
12371,80
33861,108
28164,45
31089,265
29018,129
33783,47
46542,50
20493,76
8225,125
27865,35
4670,125
35315,80
42073,100
32023,180
33127,60
24709,187
18135,50
20179,400
35711,150
4304,195
7618,120
47409,30
37263,35
34089,395
8622,90
14621,85
36225,40
19393,125
6863,85
10825,50
2680,99
44115,140
3253,52
13006,275
16071,130
12162,50
9441,65
4380,290
16888,65
11575,45
26945,160
42515,60
23215,165
33582,35
45766,850
2090,100
33921,200
30779,75
33629,130
12539,125
14864,490
19700,125
9063,110
2800,59
11580,150
18056,119
33247,110
24972,279
19134,50
5699,50
22990,95
12445,100
42200,53
1813,215
43141,57
39246,125
37409,42
45900,300
16695,85
33241,80
31410,75
43702,35
12911,150
14962,100
10072,150
36768,90
33499,200
45646,13
35241,69
10936,137
45471,160
22676,150
26704,108
47777,164
7636,30
12406,300
32833,200
40850,59
20269,90
1957,88
2729,59
34412,85
19201,110
6450,138
5202,219
16633,195
37174,150
19908,100
17010,130
40141,35
12018,199
8570,110
32939,70
14322,85
25168,115
2010,120
23467,200
48894,90
9030,139
45714,140
12121,110
16544,70
47421,400
38550,190
29750,275
35097,119
11621,239
32379,130
11598,70
17056,59
8395,195
25346,78
17933,38
39566,129
33317,100
14678,220
9062,93
46777,108
42040,95
11758,50
4431,50
28377,65
6957,85
47424,125
48213,69
30376,37
14952,50
40178,175
16103,45
10916,190
28940,100
43720,60
38486,70
34366,154
29801,195
10925,80
34321,80
24837,35
33410,36
1774,115
31966,54
7151,150
34426,340
17466,42
39148,50
35986,25
29032,80
48480,70
42341,95
1299,76
19804,53
26369,59
4872,110
1829,290
12327,98
35849,50
22564,70
31467,135
42500,100
25756,145
6310,250
40349,500
24810,135
36222,70
44553,299
1076,70
38585,134
44418,65
26909,90
7292,200
2643,45
5539,120
33476,400
36357,45
48690,120
22748,100
11315,91
17802,133
16108,259
37361,250
31012,60
20646,28
23067,135
43299,47
37215,200
40970,60
16449,50
708,145
32457,230
7978,75
1849,80
37497,81
23689,108
31589,200
45949,160
39629,70
18853,90
47026,67
25576,127
4249,175
21000,99
2884,125
44100,150
23693,35
31058,412
26506,150
38259,150
32784,150
43932,225
22319,150
29104,400
4362,195
6141,130
7573,69
19844,89
24598,59
41945,95
22322,80
23436,46
25001,37
20423,79
5270,89
30729,96
15222,85
16,215
27807,99
18150,60
40644,79
3414,50
32207,88
28382,455
26905,540
1700,195
26019,50
33319,96
34294,85
30870,269
33255,140
42561,75
24604,100
46884,60
5355,150
13150,400
7591,185
10062,47
33456,80
27143,85
16084,90
11518,95
30418,158
22492,98
19514,140
47513,85
25458,212
7876,38
46107,180
19543,129
33359,80
1742,195
6439,110
46086,279
10807,55
30704,125
8538,85
8869,80
1663,80
8141,50
31339,130
31326,120
43380,425
9908,230
1456,85
12471,135
6476,70
40818,50
31796,225
39854,40
14159,34
6087,250
7757,220
12774,200
25767,130
39734,125
18174,55
23657,98
29822,220
38190,100
16881,70
10097,45
860,150
40582,225
4139,425
12216,159
23594,33
24830,89
31324,54
42247,75
177,165
38663,42
45759,38
9679,595
5655,75
45960,180
23933,399
29815,100
41506,50
43732,60
36907,150
28240,100
3467,110
27325,59
28501,65
3018,80
37642,69
47599,139
8366,212
48421,125
40078,61
31956,41
11969,140
8598,60
6909,115
36399,60
35776,100
41895,280
27318,70
623,190
6183,200
7687,240
3,89
24014,60
18763,195
18404,75
18816,400
29974,49
15498,45
38822,69
41984,211
9996,147
3514,175
32804,51
26672,380
484,37
29780,35
24936,57
26263,120
36976,150
28598,125
14088,90
15478,350
5474,150
17184,140
36383,57
4498,120
8748,250
40023,80
12034,80
12089,120
35062,350
7403,80
39711,109
12225,55
940,185
8567,58
32830,75
14173,150
35825,65
21292,59
44079,200
27888,95
28012,95
29975,85
35881,45
37827,75
48016,95
48544,100
7802,300
20336,85
11878,75
42531,62
36497,60
23167,75
24895,210
37557,68
18386,199
12719,89
25889,225
11856,100
34500,110
36670,50
12691,99
27069,80
47046,600
26810,840
29557,60
22148,275
47199,65
10001,225
47609,59
29670,220
4856,95
33363,85
35661,100
31733,40
984,135
35576,145
2083,75
34402,65
45813,150
31107,199
24743,200
15907,230
30830,140
1292,295
29917,50
31683,40
28892,45
4201,65
2691,300
31972,135
45790,300
25971,48
31210,70
13521,65
7429,62
30187,87
40844,69
20501,130
29178,60
42301,65
14024,65
7413,184
19485,190
24233,110
2433,175
7078,150
18084,299
7795,125
17846,100
24721,110
4772,88
29613,80
22922,190
41612,400
11772,120
40236,35
26542,40
43229,145
13535,55
25770,250
48306,200
36807,90
18458,185
37079,299
23546,125
3928,123
42333,45
402,165
23645,89
41188,40
2868,241
47241,180
13481,145
13512,200
34148,62
9150,95
39967,89
35008,150
13847,43
3017,116
41075,75
30477,55
7638,85
38788,184
11875,70
20947,50
17287,200
34696,50
32395,200
31134,50
11779,85
44690,182
10220,50
6676,225
32657,62
20624,50
27938,99
22568,150
37688,64
18117,131
16671,50
35038,31
38204,150
6309,250
14900,130
36353,55
14923,175
25340,45
42028,150
40801,50
8902,125
32926,195
36837,150
43101,47
43856,225
44528,175
47015,250
48142,49
24008,120
18580,49
28827,85
22356,60
23580,40
26385,119
25697,105
1945,100
2709,55
37193,39
2378,65
30856,250
41022,40
2228,190
10103,145
4719,785
40752,85
33667,120
2285,125
24238,62
10241,55
38758,269
8531,48
23318,105
26125,65
48389,150
48669,165
46363,120
22636,100
3677,250
45105,110
5294,125
19001,60
16401,199
33797,125
43507,85
30902,65
27762,70
33403,59
9075,155
43771,70
22235,130
47060,149
34937,187
17077,76
46571,165
26741,250
26625,69
38707,238
30232,30
17363,42
34718,40
10089,49
41173,575
4534,40
14518,60
45927,88
13794,75
36006,165
47265,210
13651,45
41851,48
27531,100
21262,53
48329,75
18341,45
10274,89
47717,39
24455,55
34624,180
15095,150
17128,65
10942,99
12363,150
44915,299
18553,172
6001,115
32229,110
12139,70
24262,100
26408,50
14134,80
18856,64
7761,75
43414,228
32952,200
39085,95
22825,37
27720,92
44788,95
9846,40
3660,200
3983,60
31221,65
26218,525
31434,50
40530,65
3748,67
121,400
44277,239
35868,52
8010,79
43306,439
38038,55
19938,120
9548,290
4179,200
41122,144
57,69
13736,37
35125,66
48608,40
22452,55
18321,54
28697,500
25282,300
48557,100
46479,160
10430,150
36781,62
36832,230
40258,60
16839,79
16955,139
15259,79
25782,120
40411,77
12210,62
3183,59
32831,55
22049,49
17845,275
33044,85
46215,124
24749,150
9393,90
22169,79
44206,55
31146,45
25886,239
3299,150
31764,100
7377,98
39353,90
48589,35
32019,60
9102,150
11260,60
33262,94
21215,280
14467,40
41093,75
34488,60
2276,60
45085,500
47147,150
11513,48
1859,69
10615,159
19378,90
19779,110
29834,130
25647,190
11555,150
14431,130
24061,88
41344,110
20232,85
981,90
28321,113
9201,73
14924,275
11192,80
43974,115
24352,50
3471,177
37296,150
10112,99
38412,99
18324,89
37616,95
14364,50
9434,70
11833,80
2796,50
37122,68
14716,100
35454,65
14124,400
14149,150
43680,110
5466,155
22571,50
36956,179
26595,71
7949,90
11105,352
47840,300
12194,199
33914,60
33733,189
40952,145
4109,150
28978,170
47767,225
47855,66
7329,499
44633,190
11570,55
30770,139
14133,34
18265,65
36910,129
16035,78
25008,149
14074,54
7904,125
26855,400
11331,30
41291,125
24556,108
11190,150
23597,67
15506,55
7256,495
11178,180
36409,50
40721,175
28834,190
16106,80
44165,178
42753,399
13127,60
29155,45
42612,42
46945,300
24873,97
37801,94
1390,115
24512,700
14882,54
42166,80
16144,170
42630,120
16310,175
16702,55
23175,58
25663,47
24095,400
16015,67
27570,225
13833,65
42955,196
13333,125
5463,160
40091,50
42562,86
13264,199
29321,140
13633,165
21020,64
13018,55
35168,210
23377,55
21168,200
34880,65
12899,125
47204,249
30644,55
32942,95
48378,600
18122,228
5242,72
36762,55
25899,55
714,80
5945,150
25676,44
32889,184
20335,50
32515,195
15027,69
39198,280
41463,396
48114,222
18367,64
41160,40
48337,125
32641,110
44617,463
11214,120
2096,115
18294,75
40111,45
22615,177
26473,130
10434,70
32282,150
19279,71
8841,45
8805,888
8521,680
16195,350
42134,170
45971,428
9118,50
46288,140
12718,146
35128,199
45359,59
11059,228
1926,100
14414,60
36665,87
21636,69
46538,125
20198,100
3572,110
37061,99
36547,80
3039,185
31825,250
24182,256
39219,120
24921,50
24535,150
12663,50
33730,52
4624,180
29439,160
15238,225
3883,76
40100,200
25668,45
47206,800
27885,245
13319,150
13392,150
41341,170
9956,50
23047,475
40239,60
19130,189
3760,175
11157,80
173,125
9821,700
20092,200
2305,209
2627,111
31616,415
3455,400
8520,175
17310,50
14688,80
36418,68
5842,106
22727,60
9330,50
28846,35
37900,105
30013,65
35559,75
41045,799
12078,165
40811,90
26705,78
26236,225
9005,75
2024,170
26308,139
43614,75
27258,949
47158,150
46611,125
2826,85
7112,195
17627,80
47832,250
44424,200
21390,55
29739,480
47018,300
3296,80
18932,77
16450,160
2498,60
21382,20
10442,100
20141,300
14528,140
42782,39
3287,102
25622,99
3952,145
21225,32
11299,150
33997,41
45342,100
16185,110
15341,140
25716,275
42065,100
38632,95
33207,55
34462,350
24665,135
42684,250
22590,69
16763,250
33070,106
9091,61
627,160
15197,100
21088,140
42487,170
11340,250
44463,150
24747,45
8970,200
44345,699
890,325
1993,62
14903,100
43277,60
9012,90
19560,60
23688,150
9636,135
17391,65
47,110
2917,200
42655,175
42308,45
24075,35
37303,250
39677,145
12131,120
33747,70
14950,55
20910,80
38385,175
4766,85
6000,130
20148,50
42041,115
13461,190
15832,99
35335,150
34986,89
6626,81
46062,99
34838,150
20161,30
29620,78
29459,95
25295,99
14726,275
43135,190
37686,150
2123,70
33285,80
28209,50
3186,70
9703,90
33020,183
29961,65
39053,95
7079,80
40888,129
8101,130
29538,90
554,145
48867,25
19045,65
17998,90
10293,60
9050,140
3940,84
10489,135
4072,115
5774,500
1630,350
12620,45
7552,125
24711,45
14455,349
47683,80
18282,125
30843,50
37238,55
14892,154
48717,220
10543,250
35485,199
14109,100
45661,50
37278,99
9490,65
11305,75
36117,80
37053,200
17131,270
9046,150
48398,41
29851,80
31987,199
36874,75
32376,85
17525,150
14254,80
5220,95
39403,45
36865,50
9448,200
21915,110
33805,65
12684,45
23145,75
27659,275
31334,74
5123,175
35121,80
47917,350
45437,150
13484,206
27469,58
31719,400
21558,179
26655,200
19921,139
35750,50
26834,130
41811,145
38839,120
1800,200
43235,210
30078,75
28122,200
8425,275
22558,85
10501,79
22937,80
16981,75
23651,275
35189,99
30852,72
48518,72
3551,200
5420,95
32313,150
45932,100
41492,100
6068,229
44118,140
37478,180
17068,100
14284,49
45401,28
26332,250
19618,89
10039,61
41854,59
32714,164
7723,49
41709,100
30330,335
23897,90
3172,100
17853,500
47677,150
43474,63
6906,125
3555,120
4193,75
35615,125
13868,65
41597,65
19330,101
12571,550
48694,60
28059,85
3005,200
32155,225
14541,285
7999,185
47682,99
9145,95
13097,200
13897,45
23660,200
23807,190
32580,100
38208,60
31328,50
1010,75
15232,84
22684,350
15795,120
41532,150
43154,115
26677,142
641,137
29736,44
3730,1000
10192,150
21774,70
38049,275
5593,200
44181,78
32241,75
37154,200
48459,39
25504,300
47440,75
16378,325
46150,339
35481,43
23102,175
2098,125
12828,55
44476,875
239,195
37815,380
28732,75
29576,800
24247,180
3907,70
11263,175
38608,40
17855,79
39628,75
7487,190
15755,99
46236,47
44189,275
35618,75
22378,49
15786,90
2604,59
5019,91
6181,100
20893,55
40051,150
41714,65
15913,900
24149,65
47561,125
25407,120
45720,55
31219,153
29073,125
25149,35
34638,65
15473,100
37416,229
11923,60
6901,99
4731,160
39756,225
13980,89
7402,42
18301,40
31651,120
46336,550
41034,90
18813,60
12688,250
9876,215
7663,160
39370,65
108,100
17657,65
14190,395
1783,115
17552,50
29033,200
18755,215
34736,100
40502,30
40773,220
45582,130
44303,49
47747,45
26183,250
20431,52
39859,180
24632,789
8806,40
32721,250
42419,55
9938,32
41481,256
22155,47
37240,72
45934,100
10518,80
16360,100
33335,75
27075,150
14011,70
31591,89
1498,88
20410,225
39177,120
955,129
839,85
47325,250
12437,120
35022,38
36595,100
13778,45
39827,99
32451,55
26505,125
24992,95
24435,142
46565,250
46907,60
32436,183
19026,300
22321,105
1196,185
22413,270
29571,160
1126,80
20310,68
42733,150
3210,66
24298,70
48208,300
25644,200
42662,45
16577,45
35496,89
4649,250
28475,250
4636,65
41860,300
3185,249
42966,185
7738,86
19348,375
43629,130
1946,166
34571,90
13016,30
27301,75
27249,39
3108,215
11153,110
8941,110
16414,150
44191,250
31026,250
20534,58
13742,122
5135,75
45992,150
41126,250
12921,73
11316,40
7146,45
20103,35
30165,113
4625,55
37992,97
6089,159
4121,90
39718,93
32929,109
4545,350
26446,30
36433,82
38976,112
21019,65
26435,75
1837,60
39493,189
48093,75
22357,45
11640,57
23670,349
45498,79
4023,129
5668,109
19529,93
10436,45
22706,54
8728,100
46286,195
60,80
48390,150
12600,110
19413,150
35782,101
28056,350
36493,134
18127,65
44350,299
14189,177
42625,110
11882,230
39311,100
37178,119
47512,86
31432,245
10153,50
31916,225
13649,85
41648,55
22715,120
39758,179
20377,145
16430,80
38050,100
40093,250
33022,60
17642,500
10516,40
24161,99
41379,40
33114,280
17298,125
9244,125
12895,90
4382,115
1927,190
5002,148
1317,165
4052,85
34041,275
2655,275
2945,159
766,135
36295,175
23448,42
18268,115
23632,185
9952,35
11871,75
34354,52
9844,120
37731,119
89,85
5183,90
42935,220
20584,40
44941,38
11914,58
8832,65
38260,195
31041,140
46952,200
2836,240
48068,60
43652,100
10370,50
35885,100
13635,100
42642,400
156,125
24177,150
9614,100
47676,175
25423,60
14164,250
573,95
35814,750
41218,85
27730,495
39907,40
47164,45
27927,400
43704,265
22178,60
28638,89
32151,699
34427,395
39100,31
36814,175
21126,80
16137,120
367,70
4749,200
41522,50
38971,34
48407,200
42490,95
46384,320
43971,70
43618,39
48584,70
9926,70
19048,40
2348,140
33307,37
18896,60
20587,45
4025,275
44410,249
1807,250
23957,550
40583,130
7165,89
20272,50
45281,86
40149,75
39964,55
47342,30
5143,160
32543,182
27973,69
21074,95
46852,300
4710,78
36420,63
8196,115
13057,89
30983,119
8429,150
36328,90
19202,349
39306,152
2580,125
11870,120
22670,45
47737,500
17867,75
26767,235
44179,100
32739,50
19496,100
28220,180
32130,100
20237,36
30339,75
44590,699
41226,50
46942,50
225,60
31081,55
15229,85
31370,110
36534,350
25505,69
2752,60
48658,45
40156,100
20934,120
13149,90
31815,160
22967,85
4611,200
34258,128
45420,172
43292,285
39775,189
47502,110
38211,150
18146,350
5351,860
45700,135
23936,60
25632,495
34590,126
35424,239
36680,59
34599,42
42428,446
32622,100
4248,75
26186,47
42649,99
7335,47
20455,60
21771,180
6801,45
7943,85
7206,130
4931,96
26392,215
6129,70
5763,135
42508,200
19223,60
47675,129
37721,37
28857,135
5189,150
24652,100
21820,42
29213,499
33625,110
23633,90
39040,100
33001,97
4493,200
41756,204
22400,40
27722,95
15735,57
16257,140
9689,70
44182,105
8899,110
30847,60
8684,197
18060,130
691,760
14245,125
30891,105
28410,130
15562,199
39128,75
45753,78
10372,99
25963,120
24801,199
846,35
24555,70
30015,60
18226,120
36232,57
40400,150
15003,125
2175,40
44516,139
11668,185
9655,250
29497,30
23737,65
47529,270
9675,135
5919,210
25355,105
30556,179
39577,150
11846,50
6440,70
4218,55
5813,110
20214,72
12158,125
8202,150
43833,75
3489,239
41533,80
8875,148
27800,40
29684,69
43056,70
47452,399
11992,150
28388,29
5493,130
31216,199
22700,220
44173,295
24904,40
18166,379
12150,108
31080,60
11917,98
48562,338
24268,175
40607,80
42001,150
3119,120
44539,129
6050,200
44682,141
28244,27
24831,200
40744,60
31586,250
45168,100
37683,200
27135,150
48437,77
31977,75
24984,170
17448,199
38728,232
40050,249
38294,229
31611,80
42182,39
35607,56
47923,133
20426,80
8904,58
29977,135
30189,160
19672,75
10471,150
44247,189
41259,130
15638,115
41428,244
46954,220
24486,400
34422,90
24633,60
12994,239
19992,70
22726,80
16279,180
31864,118
23440,60
18723,120
16993,190
2071,230
9166,99
45022,290
47038,68
22017,200
27067,350
15915,40
42738,165
9071,100
38325,956
25174,50
35395,70
14958,168
14409,55
16212,140
16561,60
29727,150
14747,750
22901,75
14152,350
14015,50
13798,333
14667,79
22233,120
39855,60
17459,53
40145,40
40822,100
6595,80
10375,75
28747,59
22823,50
15321,80
9736,54
16064,60
45383,110
34056,54
28044,80
22486,60
29464,25
13482,185
44022,75
21532,160
47330,105
8276,167
41713,62
34688,165
34094,145
17012,90
43745,55
46260,55
16831,199
36133,117
40726,130
345,650
17776,120
38328,714
39991,60
5952,50
39532,40
9803,125
15987,230
37332,32
15115,40
33866,60
42181,50
33748,188
23487,49
22270,165
44564,349
4401,210
43726,60
15616,60
14788,119
1267,79
5314,120
7922,369
660,125
36013,87
21536,45
12918,60
10567,125
46244,57
29710,250
7948,285
24210,120
26770,40
24591,70
5301,80
32803,60
34613,1000
44573,271
33003,60
27118,210
20794,50
7657,195
35427,86
40443,495
3501,91
40706,95
23809,200
16916,119
38321,675
6292,155
10911,65
20328,37
46387,189
29106,225
12966,64
33581,150
45063,560
6995,125
2570,175
11084,100
37725,100
10766,70
27656,101
42369,50
14289,180
9202,180
14142,250
1698,100
11639,140
10323,60
27285,75
34891,80
37540,97
11881,150
13520,95
14393,64
42176,33
13136,146
22794,199
7719,75
37599,160
40163,70
34311,195
46577,70
31424,55
44065,180
20075,70
2555,82
17148,65
29743,58
43233,260
38549,120
13913,150
28875,160
37482,60
33108,189
48521,70
20977,160
9035,900
48548,103
5742,145
22859,42
31167,55
29484,100
21323,60
25467,136
1492,70
42319,135
41416,403
20173,68
32656,200
39773,185
550,248
11020,130
31909,150
39382,110
35117,65
22705,85
32280,65
34513,60
36820,35
10052,35
11312,395
37276,125
41052,90
28211,130
16623,83
7236,124
5986,83
38787,75
35198,145
21175,100
27691,45
48103,100
3332,137
17321,150
182,99
40893,185
35340,72
40728,55
29130,65
19725,80
38097,70
27577,100
776,30
38618,45
36965,80
43030,70
42784,100
23291,99
7916,175
20697,50
37379,121
2663,110
45212,88
12115,125
2611,120
5228,90
43468,280
23528,165
31458,89
46843,48
28068,37
24620,195
12295,62
7298,195
15765,239
16020,50
46495,80
1631,259
31109,69
9777,60
27616,125
41309,100
21910,158
22995,169
3339,105
36158,100
8680,85
21766,160
31495,36
15852,195
1994,95
31667,65
23838,120
25103,60
4648,300
11348,100
32100,140
26713,68
43363,212
8278,175
10733,135
1906,107
37438,79
5870,150
31576,46
37401,56
1658,400
18908,75
48367,199
25178,68
24695,103
30457,65
37069,100
24854,150
47227,140
43626,275
25612,50
23207,69
3360,150
22805,64
41761,110
28050,119
18678,62
42874,140
48045,99
31921,150
26601,60
4108,152
22203,39
883,49
12087,100
28085,40
10262,36
42030,125
28293,75
16884,175
14457,200
24935,120
1353,55
3130,44
35600,268
14868,199
27902,43
1276,199
12263,70
35827,67
42986,150
30678,89
24628,170
32872,52
29558,100
48532,65
39667,499
435,129
37062,70
17250,165
13372,170
28653,69
4268,150
843,44
24791,107
46013,400
37881,50
15400,75
44967,100
20144,70
11517,140
34052,70
37826,125
39250,25
1251,225
11466,60
24380,188
40920,165
41304,170
39761,280
48727,365
43906,150
45870,150
26521,158
17472,90
24849,75
33130,130
31521,140
14560,40
45993,100
36806,175
34536,130
1996,165
31886,136
35972,140
14713,180
47514,66
23216,41
48098,55
40988,115
12048,65
26489,45
19396,250
24918,100
32346,240
26101,50
2295,250
25595,175
11585,125
29085,50
23461,225
33106,200
27621,49
16675,175
4729,185
27460,64
47612,250
18754,80
6791,130
1912,250
915,125
15959,72
6250,100
2267,185
35787,200
21937,122
34953,104
33281,50
17707,195
2883,115
37350,35
34087,50
41585,999
44363,38
18958,88
2653,95
16574,59
28005,80
9787,60
549,190
41881,50
5789,59
23518,115
39103,185
39282,100
18537,250
43120,109
10218,50
18785,150
46334,150
12714,300
11628,140
34677,91
2487,110
46187,96
42672,148
9872,45
36317,99
10800,125
19163,40
7461,146
17498,50
45701,101
42265,140
6112,550
1897,85
4917,159
11749,180
13994,77
27773,60
5039,58
48472,94
1527,550
32471,95
20031,135
35644,85
12014,89
32458,125
6886,100
20365,80
28362,145
40410,140
25774,90
38815,150
46486,33
37880,98
8888,100
19240,110
5487,200
25881,225
11925,465
38613,35
10709,59
43032,169
5735,77
26311,110
29769,145
18817,130
30877,300
8289,122
6003,200
13479,120
36391,48
12612,90
11712,100
5307,45
8973,95
40352,209
9379,200
22028,79
1495,80
14018,75
9934,70
1249,99
39946,250
12756,200
44320,150
44572,175
37143,60
16484,42
29247,199
46723,400
17019,300
12202,143
9836,65
38440,45
13114,250
12614,58
42317,40
13774,325
45126,250
41898,110
23602,160
15046,80
30898,45
12551,75
10440,170
16157,45
34957,60
39821,40
40815,40
37072,85
32519,325
14503,118
33288,129
48465,150
29341,95
16836,239
39089,40
29284,220
33231,63
15237,115
25208,130
17166,110
46054,181
4396,155
5260,53
25722,174
35146,69
6657,200
32145,107
9165,250
38521,399
29218,60
27601,47
39439,195
1364,149
13005,425
20087,73
9455,32
37387,68
10601,159
8294,53
42347,375
46021,137
15941,280
43591,150
37155,60
42320,55
36153,325
43213,110
23874,195
13874,70
15236,50
1086,174
18352,149
23941,115
26545,89
38854,250
16319,60
30311,46
15269,84
41653,35
3251,172
40305,110
30271,125
37566,65
22580,69
20712,200
1834,60
27886,50
38356,179
14912,425
23926,390
43143,140
35694,28
1335,175
4094,80
27963,160
2716,59
13583,79
25146,150
25054,230
15140,239
45735,55
23479,35
24193,119
42055,168
35755,70
28022,250
12288,50
37423,68
47183,100
17923,80
2317,130
42940,95
48494,84
1248,300
4828,55
38175,55
25015,56
39570,50
31037,89
34155,350
41114,100
26456,55
46095,500
36161,58
32504,120
27567,141
45821,399
39936,120
44871,90
17620,90
25655,250
31649,89
16085,135
36504,45
39575,160
13252,90
21289,40
10239,50
29563,42
35455,104
3970,95
5127,400
37685,165
31374,299
25238,90
33569,142
47721,120
9376,99
45184,200
42667,84
14904,60
9124,51
45215,115
10251,295
27943,71
7896,150
21958,32
42522,80
15403,132
40167,88
44594,120
40564,149
28882,150
3167,175
11954,200
7116,115
46957,99
919,121
23200,150
6477,112
18996,41
38015,119
14314,78
34760,120
5447,195
14851,50
24920,115
43499,79
30456,150
34583,93
46396,65
47216,475
5941,107
13134,85
20370,53
24663,300
13253,500
32997,190
781,100
22434,180
2439,105
3559,60
12625,100
24140,48
20833,225
38742,150
12334,110
46854,38
9140,110
18377,125
46305,395
4123,100
12905,65
29516,200
12801,800
6399,120
13916,44
46551,249
32246,130
23965,65
9580,159
42062,125
10919,80
25153,75
41732,90
6214,45
3842,59
34764,125
8878,155
37538,200
1378,99
14341,100
18940,45
22012,100
41062,175
5296,130
1628,133
34859,140
38286,75
16046,58
19963,200
34259,110
38151,125
38564,100
40047,160
24553,40
18855,70
39038,365
36775,225
38824,120
25237,122
40636,85
29631,129
31121,172
28019,12
35225,135
21243,175
45649,89
12120,65
8672,59
14946,199
34035,40
15882,50
2281,72
3601,750
32060,150
25190,90
8487,249
15972,80
26383,200
42907,180
12322,299
208,100
21489,100
39400,154
722,85
14080,100
42816,275
1481,220
17239,325
31357,175
8776,70
3877,200
46630,700
30132,44
43310,57
14529,130
13291,125
35337,65
27949,150
10971,80
18074,249
15601,60
44992,100
35970,65
6206,189
10131,500
43606,26
18814,250
40950,90
2539,75
36889,70
1560,399
3912,85
38629,303
7192,50
34288,500
48793,43
21669,120
12073,130
22591,100
35412,30
36045,69
30646,75
31102,46
19156,350
12026,60
4280,299
18255,85
11278,200
42799,396
3654,90
35740,99
798,300
29712,66
17561,95
44587,699
46074,180
29156,35
25430,239
15547,190
36931,41
41509,211
6483,120
11124,275
37761,399
47760,375
24098,150
334,185
27988,425
15009,76
23691,59
32341,399
3832,200
34664,290
43165,100
17823,40
35370,150
30633,40
11449,60
44,150
6015,45
22688,35
25197,80
39590,220
33323,250
5279,50
20011,899
40326,38
6787,125
39787,180
26825,40
8451,160
20675,80
33894,111
19718,49
11879,159
30081,80
30288,59
41931,37
24199,139
25850,94
45627,830
47198,95
21773,35
30893,50
9999,99
46077,190
27134,180
11497,65
23730,80
48868,25
19333,65
19520,200
41885,55
14648,500
16852,45
36737,110
12266,99
46485,33
23257,55
17285,75
30065,117
8636,140
10259,50
30018,49
19617,160
14691,125
39939,100
36600,80
11943,200
22772,49
48335,161
18722,100
10824,139
2819,35
10404,385
6139,150
13200,55
18960,225
11996,220
32661,90
29708,40
16547,75
43020,65
29755,140
42435,128
42566,70
20026,109
32380,61
44466,56
32800,62
43639,180
37753,125
35991,225
36654,50
29656,65
6271,200
16113,100
11984,70
7153,230
46274,170
17625,120
19231,120
42685,150
30493,60
9928,199
37046,99
21238,360
19525,139
46506,250
2951,110
46514,250
13332,148
36555,25
35647,135
47881,225
42617,45
35136,60
48569,75
46381,360
11807,75
11787,65
24909,130
41090,115
20325,200
863,65
8024,58
21365,30
18759,100
21482,70
192,135
21732,90
39059,165
5721,115
32225,45
26622,128
23896,150
36429,275
22021,180
23163,225
24523,80
23243,390
4736,425
42357,110
31568,170
47841,225
14855,35
43399,230
4106,100
31213,220
29048,95
34911,80
46886,211
21404,80
24599,167
21345,107
11888,99
32838,195
36220,69
13431,130
12467,80
10641,250
12331,55
27245,55
404,170
22620,70
41154,139
46247,120
48778,40
37664,100
27750,50
901,106
25353,70
11407,150
447,165
33085,85
46610,60
17108,300
15011,40
8587,130
40022,300
625,180
14356,89
42746,70
2876,135
34865,250
5199,69
36176,150
41921,105
33715,80
26243,330
9918,250
21790,75
46868,99
3700,1000
8675,140
25157,55
23550,108
20340,239
18601,125
37073,55
10229,180
39167,100
42631,382
30256,179
18897,150
17800,57
35012,290
28974,105
29332,80
6373,142
18429,399
34716,285
22176,300
26371,225
35829,65
4005,145
15751,259
4104,142
20745,41
10528,180
25385,60
48385,50
38343,130
559,195
32597,500
1811,240
25689,250
35374,70
44661,79
7693,120
43590,64
26682,222
11095,60
41503,50
6858,119
13424,37
47455,160
10548,125
48324,190
37691,105
17545,85
40337,140
2395,70
22784,50
43723,60
16625,120
1011,225
23864,50
15227,95
13241,199
34440,80
22890,134
5290,190
8035,163
18530,40
39387,43
18395,310
40598,61
15685,105
5117,250
40134,350
2727,59
371,175
28583,56
36375,200
19636,100
20550,149
48475,40
8775,98
16143,178
29316,44
20841,100
37467,191
17903,100
41043,699
41439,221
46173,110
7241,49
17485,75
9607,64
32405,650
46746,99
4042,95
33376,100
15970,85
20807,190
129,120
18172,150
43873,200
17141,300
29438,100
27574,199
21542,62
40311,70
14782,70
10744,39
12125,65
45216,36
6284,110
1830,35
48800,70
47870,800
37058,85
37405,250
46028,60
1507,54
33357,50
42604,260
21735,45
10182,200
39719,275
9323,45
44813,60
47091,69
12231,90
2910,250
2779,45
13215,150
23863,425
47738,189
41121,120
27670,175
40788,135
3433,179
24228,70
35156,45
17317,125
13169,150
10814,150
21420,145
31084,52
48657,120
43791,151
20923,47
23582,104
46779,150
27004,35
9525,120
16123,195
141,199
6264,50
24738,225
12938,130
12267,95
6040,250
24853,60
3053,110
22926,79
37629,220
5640,40
30086,70
10468,30
28041,100
23183,70
16295,499
45406,65
37066,119
34242,192
12715,75
27181,160
3353,162
27194,60
24000,120
47431,90
47669,170
29058,50
18094,85
33152,200
39339,125
14016,75
43195,99
17118,81
35109,51
19316,135
15438,40
25040,90
24074,49
23529,45
14731,140
27410,249
48615,150
32704,97
17839,70
29319,85
35780,50
12289,45
30135,50
22716,54
12972,90
6248,245
11664,27
21797,65
48310,600
11689,85
32797,35
18931,45
48761,89
34882,379
44668,130
32036,75
11753,150
6071,99
18300,200
1573,120
10544,85
12241,40
14860,200
7382,119
2466,60
1279,65
34600,85
33700,330
46782,75
39037,155
9023,99
591,69
5579,75
7980,198
47021,89
9365,700
46631,450
23868,200
13509,55
25997,175
24488,50
37571,80
24970,33
40231,42
41554,115
35941,45
36864,85
23472,50
29900,69
3868,55
26681,175
27,150
41018,110
41800,82
23319,100
22196,75
18777,136
24734,120
1415,225
24320,40
16951,45
46871,264
3319,80
33396,38
36252,275
40878,243
4602,80
14406,250
44021,120
35431,200
30112,65
15572,350
13638,70
19761,20
14712,90
2137,135
42344,50
13981,75
26025,62
33026,55
5231,150
43029,60
18638,49
17264,129
21784,150
27018,95
5145,200
18258,125
7852,105
17792,60
13732,85
42948,64
48070,202
30589,120
2894,185
45547,145
11151,80
5378,95
41040,95
11564,42
19489,35
13013,200
26639,150
32245,85
4815,500
14355,85
33379,89
36973,65
15465,175
16948,175
6816,125
46748,300
29012,299
16168,295
7925,195
37057,60
33587,59
1057,125
889,115
47964,105
16318,80
30823,150
39208,45
5899,210
17661,95
6692,95
8414,200
8859,50
15437,99
17268,55
24255,63
18372,149
16109,120
36512,80
40966,60
47022,60
27453,85
36230,125
20306,400
27496,250
22505,60
8666,99
23784,100
19710,229
42127,50
31695,125
10866,152
33214,50
3862,275
6072,300
41947,89
31158,145
38842,150
47406,200
10356,100
4572,75
44798,43
25367,100
41285,200
25406,72
28734,40
43671,129
33865,150
35088,90
11447,77
8678,75
26238,165
40059,59
15927,190
18410,249
17859,150
13307,110
39513,150
36465,44
31497,60
31652,140
2897,149
23022,123
37714,99
43228,194
21635,140
7933,99
19267,100
22961,125
42700,199
13185,150
34657,148
37146,55
3966,90
17826,85
21603,50
13109,178
7291,250
9471,140
41155,50
30183,68
29462,58
39438,350
12954,80
48353,70
29890,110
44895,100
38765,416
47068,140
36233,37
4468,200
36631,60
19701,60
31071,82
28123,60
26214,350
2743,89
12480,40
33009,150
21269,120
27545,95
25110,99
44916,159
6611,65
26036,58
21432,70
14415,70
39526,72
4825,400
13809,90
43923,700
12863,365
20089,69
15948,150
21608,175
41166,169
23636,150
40835,75
37656,250
41138,199
20522,37
29191,50
46184,65
40282,60
12640,150
3992,108
23166,69
13836,229
42707,175
9868,125
17083,80
20982,60
36616,250
26626,47
15636,75
19816,42
40382,150
47445,150
25800,100
28241,120
36803,75
32243,140
3377,105
12810,75
46493,28
36279,90
39910,100
30762,85
36247,140
36528,70
39567,33
4013,110
27830,165
20970,175
6210,50
41063,300
32511,157
30686,99
15371,165
11351,135
39785,200
13767,155
25323,85
1659,149
15395,57
20136,34
43082,160
44802,103
7803,259
7716,400
21714,64
38530,499
47339,52
24719,90
38917,90
42124,113
30757,50
23482,78
9445,210
28751,75
29244,60
30258,120
23124,100
32538,75
32293,149
15260,185
1591,200
47981,82
21983,60
28288,215
38169,50
6496,500
14107,110
14335,84
26850,60
3795,49
19213,250
23211,146
32226,90
47470,50
3789,250
30482,275
3330,145
16992,142
6444,250
46893,25
11069,141
29806,150
9762,65
26644,120
47903,128
21598,70
30451,55
5894,129
26976,67
47907,60
7521,55
43260,160
39131,79
44552,189
16893,50
29081,75
27857,119
46805,79
4202,145
42409,52
47111,115
42559,80
21399,65
25706,49
38968,175
32232,90
5272,124
45267,300
43433,45
14207,160
17274,150
6108,25
40088,50
8652,145
254,285
5658,200
5497,150
39138,200
33196,38
32250,74
41349,75
41774,120
9027,95
11999,50
29718,60
36244,275
39922,75
13435,64
19196,75
14115,98
36167,80
5450,129
25068,63
735,65
16403,62
28254,150
24094,60
14849,100
48263,89
1635,100
27804,300
20607,285
2616,265
63,200
11325,100
1470,75
10849,78
16508,650
7465,160
36961,130
11022,149
16682,125
41282,175
22368,95
960,125
1412,89
39957,55
45089,350
42189,80
20402,30
17088,56
38111,75
41479,235
20573,68
27803,48
43779,269
31118,90
19678,190
27406,66
18649,75
45258,200
3705,30
17929,85
23415,100
22750,99
26384,120
31694,160
47128,425
41158,70
2221,160
2246,50
18186,95
48363,100
33095,249
46452,169
15391,44
40211,65
48057,300
35077,275
28503,150
35316,175
21651,178
16689,200
38079,47
33023,95
20924,80
2284,325
30076,63
36861,98
29310,168
48642,200
25856,53
16373,100
32902,190
40205,209
44077,50
23295,250
12213,525
13816,100
13053,400
26490,75
46992,100
31524,100
17346,125
43489,306
23540,43
17970,325
6871,150
31000,70
12609,155
29344,132
581,100
30224,127
1578,39
42887,120
26900,165
32314,80
6637,149
35901,175
4447,95
26894,135
14671,65
34728,70
23146,39
12834,120
23064,275
19722,175
32235,95
27003,49
23723,155
45655,110
4753,125
14065,40
30727,190
14852,400
48499,45
25447,110
17343,65
39491,89
6813,105
950,120
1008,300
19841,25
39467,40
34846,60
124,75
10799,400
13088,120
23373,70
21086,100
1012,120
35888,89
46175,250
39066,120
18136,89
2510,160
4567,70
1748,250
3532,55
3246,85
1230,150
17316,60
38354,80
26674,129
19491,180
1187,175
20223,99
13936,70
35381,285
16746,128
25661,80
34472,98
48877,42
12872,63
32674,50
24164,225
48866,58
31585,79
41516,54
31534,55
38311,675
23287,109
45058,86
4887,318
15396,120
9463,45
27268,80
40898,59
38690,291
46912,34
11793,95
16039,225
47249,55
9594,35
16207,89
25937,180
11463,65
15552,85
3861,162
39696,180
17906,350
45082,73
31281,79
21457,100
21185,30
1201,800
27387,489
21212,30
32267,60
34990,300
36101,85
32816,180
14157,60
9730,75
31842,125
41873,139
6520,299
8679,175
24638,127
27045,90
11204,97
20692,58
46397,800
4066,45
31588,85
16171,69
1932,65
4018,38
45952,400
11563,65
21642,75
15722,98
3823,140
29157,110
16078,100
45721,50
31407,10
20983,49
11919,135
24502,50
8731,399
17801,145
36642,95
35959,65
19340,100
15744,160
27164,200
5491,65
28540,175
42815,78
34182,100
16369,75
2757,250
41935,228
35742,110
4357,130
40438,60
25988,47
43204,38
19853,115
28040,76
31253,80
21868,130
34424,180
16196,165
12850,100
32208,169
25313,100
37622,150
16877,45
29014,45
3872,200
35530,60
3075,56
12410,37
15135,170
30993,95
37220,90
15304,78
14983,170
25033,158
41070,60
775,50
36532,135
16804,185
31322,250
11665,150
16799,70
13320,170
841,75
22766,80
11970,85
38888,220
6707,103
31898,120
15835,59
7497,80
11572,109
16883,62
8261,99
22242,150
13360,55
6052,103
30931,180
26314,250
48130,42
7223,50
20751,143
21187,53
32078,197
100,60
6468,60
10035,90
33420,44
13222,55
32854,110
7829,57
32610,185
48360,200
17127,35
32696,125
16518,39
1313,120
33573,120
5905,139
17723,79
31020,159
3207,79
41946,90
13240,129
36480,48
47655,220
9217,80
43746,79
20362,50
23692,115
26412,250
46618,150
42687,122
26184,60
16253,110
24254,80
11269,100
6291,44
40884,105
30866,60
34874,350
48637,57
41755,160
14652,135
40662,90
16573,77
45381,139
27388,70
33837,100
38116,136
5041,69
30603,120
9055,89
9037,70
19409,70
8871,255
28415,275
27600,850
33541,250
16243,120
1127,135
34784,150
37472,485
42228,28
35548,225
32407,200
14799,300
3712,290
34892,155
31920,160
25871,115
16034,46
3412,40
45742,152
21219,170
10753,100
37343,75
2489,155
15888,133
22563,46
41243,42
7507,220
9301,190
8348,115
43409,29
6019,110
22293,100
18890,50
17544,150
9300,145
4950,54
30822,66
19740,95
28147,149
421,150
12368,59
23428,38
31400,69
14546,60
31358,190
40397,60
18970,249
40427,116
15001,55
45229,180
2922,35
24942,46
13338,40
16431,95
39123,295
35909,63
43234,80
25481,129
42668,150
11709,200
24774,150
44282,99
21227,100
36294,40
38914,300
27038,86
4747,200
47587,145
463,198
22743,197
42053,150
14909,135
38484,70
30728,600
33482,118
4577,50
25642,150
14739,99
9194,153
42398,60
25959,49
21862,55
4190,124
36304,139
13028,100
18426,100
37530,150
23766,55
29021,180
26799,55
40440,68
26309,120
19599,55
44478,200
10809,90
20345,85
24103,132
10762,189
33173,75
19850,169
33502,45
13002,50
45969,400
16680,165
43946,75
14331,99
44674,70
19623,63
34868,70
23410,129
34963,175
40214,80
16575,110
29602,90
4676,165
48542,325
19028,95
10343,160
12183,45
23229,50
1178,68
32326,100
33702,60
34160,230
42503,89
46047,59
31543,86
25236,98
23367,78
4878,150
37788,115
44933,95
14150,89
11043,120
42944,75
12697,70
47254,120
10149,90
9015,198
19492,55
27012,96
35155,100
10174,173
46223,42
30229,105
38329,675
42162,55
30001,90
27692,225
39111,250
7692,65
22871,180
12020,175
48865,80
16126,170
16486,50
14376,50
39363,285
37384,65
28251,90
8313,60
8473,140
6495,125
2015,49
19541,78
34122,150
5622,160
6215,75
41958,40
31741,125
2547,36
47784,79
24559,30
31758,70
46126,34
30092,85
42608,300
39426,80
22061,99
22954,33
44483,150
31229,159
2502,200
9699,85
32299,60
36016,240
9089,224
1794,85
24343,85
37349,30
35076,150
31261,250
40060,120
33213,155
48040,69
10450,130
21509,45
17477,69
4697,189
9273,55
19053,50
18927,85
17945,44
14023,320
6425,65
14978,160
46740,400
32853,100
28690,99
1599,199
39067,70
631,75
8164,120
5903,60
6709,185
4714,69
5525,250
32421,99
38030,110
665,115
42886,124
2239,159
3320,80
45427,175
38909,47
5563,260
21135,60
8075,65
25581,70
5507,170
13849,125
8516,35
29610,345
33365,84
25051,150
13422,159
2403,155
6737,150
35421,175
32731,90
5258,239
23503,49
35543,250
6459,48
12827,100
40332,110
16467,150
10943,109
35175,60
21630,100
48143,129
41671,200
44346,247
46673,220
20753,36
39949,56
45781,80
11927,215
8623,91
16454,200
23237,125
38363,175
17115,100
40939,175
40344,69
19705,170
48556,285
31874,50
31398,35
2278,75
38696,265
44631,90
23279,75
21917,165
7290,65
22482,379
15555,53
4290,185
11965,45
13744,55
10756,175
13034,100
47298,300
8162,110
48272,179
40025,100
28969,400
41320,99
40876,75
36350,57
30793,199
43376,70
39592,169
1111,500
23507,110
23640,42
18289,105
40904,250
25747,170
41742,55
41943,160
18963,115
40431,70
13391,70
14044,110
42725,45
40777,45
13123,45
13474,150
4323,59
16364,38
22387,175
46190,25
33799,50
41024,49
33294,150
19542,163
27587,63
20178,60
11405,250
25437,55
33567,142
34062,275
25752,60
11275,187
31740,180
17877,89
22497,27
45422,55
9380,355
43302,100
47943,300
21090,97
47755,99
16181,65
8457,85
22757,159
41968,35
30752,85
15294,65
22638,79
41843,299
32272,74
33278,250
38625,50
5617,160
31305,150
1822,55
33189,60
39984,100
23733,60
26844,29
15813,80
34396,105
15215,150
22984,70
11539,129
20366,150
11897,142
43382,119
23946,185
39084,100
1202,349
12050,140
42157,75
44548,180
47320,210
12575,95
26911,29
26948,30
6814,100
48859,93
8284,280
41691,100
19236,1000
33052,75
4187,200
5030,80
33881,460
4883,39
7681,45
19318,85
45193,150
26546,32
21324,100
3144,90
31526,255
30469,140
40525,85
32227,125
5648,120
26633,150
34985,190
42980,130
2314,75
22570,85
2692,112
44584,55
14449,75
25201,174
21999,325
19709,44
7915,179
48394,75
39212,199
24804,115
37301,139
48463,230
25975,85
39703,60
11671,165
39124,91
16748,250
43182,140
6635,30
7537,128
25880,450
22542,45
1532,105
43405,219
31698,80
46132,75
26562,150
11088,289
20834,110
31323,200
37712,175
10873,65
7220,175
38387,49
12091,65
46887,38
35291,180
18522,122
29536,165
43846,120
30554,70
23566,120
23346,55
43535,95
35813,38
33993,67
47366,300
14520,90
23094,60
42495,112
36177,99
41186,128
34246,75
69,99
27788,130
2397,125
26624,120
32166,50
48025,48
6358,55
8094,35
46747,450
44692,55
25271,50
33,50
24979,85
4161,225
39452,49
15016,65
25802,229
36884,45
14089,87
17605,250
23342,45
36734,39
7296,70
17781,275
16922,150
1589,85
43459,47
28669,250
17238,110
33109,119
8852,100
16209,179
17465,61
2811,550
21154,34
42925,140
38896,179
37481,42
45857,80
9174,222
19974,76
15991,120
17995,85
39836,105
43406,207
37897,179
598,75
41082,120
26736,60
35104,100
6861,265
5082,115
13665,55
35120,34
4093,70
38967,50
45548,99
48186,200
37961,79
21083,250
7740,165
38807,265
19362,30
7874,170
1681,75
38735,275
28355,60
29593,110
36754,130
10791,250
29109,190
32991,55
28271,38
3667,110
25900,75
9995,220
8918,275
18344,180
8295,100
29001,65
8752,65
244,120
32238,37
33920,200
42476,175
34135,180
16963,85
46211,500
46342,250
47412,400
41581,177
37971,77
14915,70
13039,239
40174,156
2186,50
16437,136
29079,79
24252,200
20458,49
4550,275
42197,65
37519,75
36456,55
15214,500
3603,60
18936,40
7668,50
30185,60
33270,170
10687,65
41245,76
20421,150
2072,60
40962,75
28002,90
40368,39
10487,125
31338,975
13505,40
9368,450
30253,46
47050,32
45017,100
12544,115
39384,120
45942,350
38818,75
1199,120
36675,135
10135,70
31566,199
6381,40
40192,250
2328,199
8967,50
5737,65
21710,65
41390,149
23078,89
16204,245
16780,110
46155,65
22909,295
26828,75
12146,42
46022,100
30963,35
8509,80
17718,115
21602,55
7883,95
31911,225
39425,95
21134,30
1030,325
39971,142
34501,150
44293,65
4762,60
17832,115
3962,107
36707,60
43102,120
22599,99
17187,160
7871,100
32428,60
24919,125
26717,48
24184,70
11353,261
41041,113
26934,48
37694,140
46818,475
27437,80
31644,95
47597,177
35845,41
23030,400
15320,150
17756,100
20191,129
3429,199
46367,260
46366,175
23456,100
34318,130
31573,125
12657,200
23767,76
8382,100
27109,233
33982,74
20900,70
12099,180
15061,125
22861,200
5889,130
46857,175
1284,220
35739,120
25210,130
36708,58
29778,37
45686,450
23879,87
2658,285
19283,408
33859,180
34852,100
13208,75
5677,300
32444,80
6180,120
46721,30
26643,62
28213,90
9414,124
33296,75
36934,102
30430,70
39060,120
1242,109
13232,170
46829,48
9673,50
47845,249
44768,69
1751,159
44217,45
48271,125
1770,101
14773,165
3852,80
37575,265
20673,205
36382,220
18660,50
40356,249
25712,49
42564,100
4595,189
41609,42
47372,48
15149,325
29229,68
23501,90
42258,339
35745,100
18378,100
37663,120
42380,64
34725,180
32201,100
9243,57
19813,89
16004,225
33455,120
3264,97
3098,85
20143,55
21416,70
2787,69
44599,438
34403,120
37281,98
17324,30
30449,70
120,170
36957,119
24373,100
9765,40
15748,85
19264,150
24127,125
14198,65
23077,60
7225,85
47883,95
22379,510
11873,177
40614,150
3107,280
47389,90
18406,125
29809,65
26116,60
44873,37
13157,50
9589,189
31615,47
24576,65
15431,125
620,75
16325,40
39179,40
20478,89
39627,50
572,79
29588,35
42768,98
5406,45
33433,34
29905,125
13556,150
34398,60
11456,95
15428,55
29866,450
44145,75
26541,85
27043,165
12815,60
10128,150
6332,100
872,86
47891,135
39460,62
27586,60
16901,105
5415,300
13727,90
35326,160
426,95
43065,70
10667,36
16303,250
23758,110
38578,350
27161,145
6677,80
2240,221
17058,75
14177,200
8836,50
11650,100
8552,180
8653,70
7868,35
38219,195
1486,140
27163,225
10867,124
30490,46
31226,77
44453,75
33699,60
26645,55
20725,150
6701,90
43001,55
9135,50
36262,60
4734,75
11423,50
5348,72
27831,40
10716,39
10217,100
2032,165
40814,85
41263,100
5621,84
17847,55
6868,75
30220,120
11725,199
22164,484
20203,25
9184,210
27967,135
4427,350
40664,70
17412,65
47404,49
1763,75
32631,85
18623,250
15738,50
37579,135
13511,185
8930,40
26050,88
9790,40
36152,300
9690,150
41747,202
2291,105
25249,50
18077,65
8326,115
32941,55
35823,75
29255,80
10719,90
28113,275
46574,140
14770,120
4238,150
10162,200
33169,156
24765,150
44880,28
14317,112
36501,65
10541,55
33503,70
16873,52
7888,65
16810,75
42747,250
2649,58
6146,227
26,80
2540,55
26876,100
27185,225
40126,70
42901,51
22856,275
28331,35
42848,100
9363,129
20626,75
13453,179
35197,399
13399,179
45484,250
10280,67
20273,240
46925,395
9110,40
1439,100
14122,110
18942,54
43300,51
20727,86
35900,350
39036,65
48030,68
45958,162
16580,89
12452,65
38820,47
309,90
38296,133
17507,40
39125,54
44497,29
26429,120
47087,150
18145,150
21742,149
25065,56
6977,60
17959,82
12080,191
19112,198
34678,65
18485,170
22721,142
15233,75
6947,170
22533,200
29540,150
45428,75
29695,60
43740,150
40602,50
3615,599
34654,80
3191,499
44779,325
46160,50
3324,150
28507,55
18019,450
28775,300
7676,185
19351,90
34671,100
17973,80
26403,75
453,80
20702,205
36932,200
10564,37
22446,40
7089,120
29507,115
47876,122
12468,260
17174,90
6970,240
48617,80
72,51
13466,129
713,92
24974,51
40362,70
48362,120
16550,200
41781,100
30230,58
15780,62
7520,80
33184,74
17431,82
28498,170
4435,135
19203,85
20453,95
11118,150
15717,125
11849,185
48711,40
31329,299
30570,139
43607,65
23490,350
1138,55
2051,125
14401,170
13478,166
4469,99
46672,250
29840,170
37137,65
34627,150
8185,60
12493,80
11891,150
39693,350
17228,60
6994,167
31126,264
16136,45
45304,45
42910,90
14125,150
21737,75
11080,180
15084,65
29224,95
28837,167
31889,175
28612,75
17738,60
4969,270
28354,120
46356,305
32491,125
43755,105
46149,295
42022,40
23618,89
4865,199
44233,127
8371,250
25973,60
32337,65
39844,130
45957,277
47245,350
28108,89
12123,60
19034,200
35927,95
33352,250
29968,150
33731,97
17658,50
47803,375
32834,120
40445,395
7586,118
8502,175
3946,150
36967,100
42248,63
37641,650
28243,88
5791,159
33392,80
28772,70
37434,250
31936,80
48411,150
33164,100
10289,58
17048,130
31959,125
41694,55
17599,130
36389,55
42928,400
17093,295
17937,235
23029,90
32455,167
37261,98
6613,400
20296,165
15848,70
31873,60
7758,85
43581,699
21183,100
3874,85
45273,200
25490,185
3580,170
23783,70
13349,120
45896,119
44602,175
12505,100
38838,90
46027,180
45724,70
27129,150
45974,20
46045,134
45555,125
15581,150
23931,61
47493,45
6080,105
3647,79
46921,259
26540,115
41934,316
48641,250
10146,65
40049,45
46785,120
45775,80
29634,47
29367,65
29314,30
1543,72
14744,106
34774,142
31088,275
41350,30
29101,80
18826,129
48071,90
30749,125
24656,175
40389,59
42882,280
8409,295
4943,150
13299,110
16662,41
28179,49
11552,175
17332,150
41015,130
26166,70
3810,200
25760,200
39712,98
45829,200
43055,124
30079,50
34793,195
19790,99
1705,120
1806,80
32424,375
18262,65
39154,115
34659,100
2256,175
12500,195
1899,999
20050,190
17437,115
47163,54
24762,42
23471,185
47099,95
31770,80
22328,88
37860,65
45140,200
34977,90
33831,80
32916,60
43719,155
2527,50
33518,180
34835,80
48770,250
6392,80
851,190
18168,125
19467,87
23674,30
23588,150
11321,90
31095,30
2478,300
42322,100
47103,87
13326,100
14790,46
4533,145
14390,69
43181,160
34,70
5908,100
46982,200
8321,275
3706,65
31446,35
19278,150
45812,69
40907,59
42982,236
7931,80
19588,60
21437,85
32316,85
48075,79
32591,84
76,200
9830,110
1516,35
48729,75
40709,80
19780,80
33910,110
43035,169
10589,150
20683,79
11634,125
1374,300
32426,175
43776,35
40276,100
19029,85
4613,55
32482,55
26379,700
43962,100
27890,100
38300,100
8583,70
13428,110
33201,60
44146,75
2895,100
26298,186
46427,179
39882,100
45417,320
39356,500
12415,120
19408,125
31678,150
16643,84
5981,170
28988,199
37854,50
34921,45
10621,150
42299,42
18409,90
13004,145
45625,370
1885,130
21460,90
35150,248
21601,170
9001,75
22495,75
48078,70
33726,189
25077,82
3623,90
20171,210
19517,110
9185,135
28867,329
22988,140
9559,130
30537,100
40404,100
28366,325
22455,120
39247,199
10346,180
6409,275
21926,99
27269,95
789,91
8022,87
15122,239
46821,262
10347,170
16001,87
9858,65
19397,65
44526,89
6527,50
44897,100
7104,198
44229,217
11329,40
41092,128
10494,110
33500,125
24669,200
28987,59
43560,355
16293,105
28412,50
27899,53
12957,70
3701,119
40456,55
47317,50
35090,65
40951,89
32870,75
13866,125
10872,75
29652,80
27910,125
4647,16
9495,110
42885,75
34936,139
13741,80
21919,100
29091,130
46335,25
30420,65
739,99
17482,50
33946,109
1930,75
9543,120
12042,139
6929,130
20238,150
21402,300
4622,175
43551,50
956,85
46928,475
4487,75
31670,48
5229,120
48424,88
7276,300
43972,350
39006,52
48104,80
37446,200
601,288
10164,80
11619,90
38074,150
47185,129
10163,30
15118,32
10386,150
45176,120
22496,50
13527,58
41693,240
24150,40
26416,240
40871,185
15296,35
34219,39
3815,88
26745,125
21210,28
35350,29
5049,95
25135,99
659,119
12991,79
30022,90
21034,250
8963,190
17327,190
20546,30
31794,150
43425,52
1301,107
16599,55
23392,90
18769,65
47080,500
5233,124
25682,168
27845,280
43487,225
8689,125
40227,79
44155,250
6084,160
12044,250
7773,234
30226,165
26751,60
39952,149
45838,100
47028,50
2111,62
27328,65
3285,80
25942,150
41876,73
31554,35
40340,45
14299,120
25916,55
47554,300
27092,150
33827,65
36682,400
6030,55
43995,149
40028,40
11165,57
15988,90
10075,135
37551,185
33517,150
4033,200
1515,134
5257,125
40328,125
30445,45
6845,262
42262,125
43717,420
15076,350
38985,50
21592,95
30041,60
1753,78
15287,110
48034,50
27399,50
17709,150
25739,185
6736,225
4153,50
45698,199
48183,115
2773,165
8153,230
15427,80
16925,99
44042,314
7985,125
19018,55
33475,200
40800,50
47947,195
23446,350
39450,40
22221,100
8049,70
4513,160
5099,200
8645,52
5901,189
19211,70
46348,40
48887,170
27402,62
37673,60
16275,45
27891,385
48262,225
29703,55
14632,150
18350,67
5179,125
12237,200
31373,85
31347,170
12448,166
25309,195
15177,75
25513,115
6023,49
44896,100
44487,389
36746,50
23037,130
6681,95
15630,50
32566,150
47013,95
42975,39
34720,40
28298,150
27398,379
22430,56
19094,150
4677,155
21186,174
42951,47
43152,250
35703,200
18833,215
21969,150
42478,35
1493,141
24735,198
46256,229
16268,205
15423,399
35765,130
38377,115
26353,124
8325,150
21677,98
46599,180
39988,120
38107,160
24112,59
37218,250
22596,43
22330,375
4243,120
31209,95
42583,168
23668,60
16958,125
31129,45
29368,180
44241,499
35174,189
26851,250
43438,195
3658,156
48708,60
17843,150
18296,55
40812,97
15922,115
34531,350
9698,328
46411,350
34640,100
5282,200
5514,155
24771,60
18506,81
15086,59
7129,30
33830,142
7343,129
7174,150
41453,230
14825,200
47031,240
38993,101
24933,110
13081,140
20704,142
25307,199
32931,85
1404,105
14345,75
46864,55
5103,110
8266,190
33545,50
18225,65
43685,80
27816,500
9922,175
26567,105
12626,177
13804,190
11398,45
43269,59
46966,149
15444,299
1624,55
24822,92
48820,80
15929,180
11531,53
7495,125
17356,155
24015,70
25512,175
28504,200
6184,90
16116,150
36692,320
11980,110
7421,80
48696,101
41212,85
9897,370
25835,150
5976,75
46038,99
2383,55
12928,300
28146,130
27602,200
46645,75
9678,108
47962,125
17134,119
31246,70
35396,135
20760,50
27767,135
33836,120
19178,175
4274,55
46487,32
23021,45
22915,109
21329,140
9351,120
21746,70
43820,28
8650,27
15356,45
15314,50
18306,120
14941,65
27372,48
47658,70
21200,110
17154,189
27809,325
32876,250
23945,160
46176,225
13671,500
38451,315
2595,85
24960,65
12086,85
41108,80
10009,150
26511,130
37120,80
12532,50
43333,49
11296,300
30051,127
26536,50
14783,180
36414,90
18253,50
12826,87
41401,454
13982,200
27025,88
29232,110
33011,90
38874,150
44394,199
10109,93
7752,195
9435,120
22217,139
33709,55
35854,125
21327,125
24172,180
2509,295
9773,140
48274,250
485,85
1747,80
14369,33
32723,89
34471,130
3431,75
48383,240
41810,80
32502,95
48716,40
19842,143
11617,120
41498,50
27688,140
14160,45
7997,36
8849,50
27620,101
29841,60
1212,90
720,73
17162,145
25328,69
14629,999
27674,65
37883,250
36590,60
48402,270
10926,120
45183,300
38563,80
35133,125
16433,245
29052,175
45581,55
22774,40
46269,89
4514,200
25854,290
16930,101
8417,50
15683,35
46901,95
14636,205
48785,260
10429,83
45619,50
33394,115
304,500
20625,60
6012,130
48109,69
16476,75
38457,258
46591,69
42101,42
27680,20
4038,99
2210,46
26823,150
5416,113
38972,443
35341,75
34922,150
40977,60
13395,179
8801,147
29452,130
6069,64
41778,310
12664,200
42426,95
23258,119
45,150
5550,99
11760,245
20376,99
24548,50
37228,355
8511,105
4198,350
35651,200
16581,75
25906,115
45311,60
45083,300
44161,69
42576,400
5995,115
46064,600
21176,1000
30909,45
16192,99
36103,65
431,165
37490,200
39270,45
8177,60
38173,259
2564,90
1260,185
21322,98
28897,30
43434,150
20953,80
21113,175
11203,155
39087,40
35587,149
9429,63
2735,140
16915,325
26854,60
42479,45
41300,165
8991,65
37466,275
92,98
28341,33
35391,590
11832,450
22613,99
14569,100
18714,99
10906,95
37119,150
28008,43
15393,70
25979,88
19131,50
16998,61
10255,60
37196,62
42618,250
28173,60
45684,150
29410,35
2573,115
3047,107
32393,125
25749,82
37279,350
46803,800
47536,220
36140,185
11012,70
32340,60
11164,130
18093,115
20110,145
23289,40
8571,80
15279,50
42439,133
13159,200
28049,119
8880,65
43661,66
23601,200
38344,110
43085,55
7833,350
39101,150
15137,35
44027,59
4223,195
35749,65
44638,58
42356,38
45102,120
6102,345
4516,87
27881,280
31661,400
32645,295
47214,250
45020,100
47135,200
33951,90
2467,125
43858,35
16271,700
16023,34
1707,200
32331,195
40492,80
34644,77
11682,90
37776,276
16861,55
5925,120
34282,147
44377,52
41595,125
6872,175
37830,95
9064,76
36562,55
6285,95
40422,135
10114,175
22782,57
5371,129
42330,223
9578,80
16232,150
43875,56
35958,50
42042,37
5478,180
25969,87
40769,200
45830,300
41573,150
5794,96
11415,135
27001,577
19610,250
34575,150
25487,144
13806,150
37757,55
11581,70
18671,57
18299,49
4058,125
18197,196
13500,35
2621,65
14567,450
42853,75
28454,65
43786,125
23343,119
12678,70
43500,175
6639,200
9973,99
47459,200
24545,100
2413,285
2408,80
48558,275
21758,45
27861,79
32893,119
48242,75
11520,230
13446,153
37775,913
12118,200
31840,49
20758,350
43952,130
29733,50
45385,100
11101,340
38435,149
16775,76
17226,104
15777,79
25660,115
22980,65
42823,69
36209,53
39781,243
17786,67
460,450
3442,88
36885,79
31245,45
48369,70
10202,85
33752,75
38102,65
27252,140
17604,165
31237,168
13244,60
17925,175
40561,250
6033,130
3031,55
24265,220
34609,106
43383,45
31859,70
3939,80
17985,240
12526,60
4688,250
896,160
16409,85
27964,55
12836,50
36206,370
45245,150
19785,47
28553,50
46698,225
29304,208
13368,150
25700,64
1918,75
30267,149
15311,125
40006,80
39204,150
41329,245
3826,350
41384,194
11375,100
31190,104
47175,350
26566,115
22410,179
27755,250
4571,60
42745,45
45545,500
1035,60
18001,60
36531,125
40385,44
8667,177
29753,249
40504,225
23858,149
39336,75
19914,74
5476,250
11149,99
23465,225
39545,250
27480,125
8867,102
17041,50
37435,350
24205,82
7796,200
7043,83
48013,75
24917,87
20492,245
47987,146
15049,239
26112,95
27833,93
302,90
25972,90
38559,115
40164,48
137,76
42381,30
24066,180
15817,195
17675,110
2827,48
15893,150
17612,105
32292,70
11295,40
13486,80
33974,39
33691,25
31707,92
30099,150
10507,70
27128,173
36485,95
22658,100
46911,64
31548,79
16504,49
16026,100
9968,65
21912,95
14476,110
30280,62
13056,149
9040,43
9949,270
35987,26
31096,225
41835,160
29181,150
12931,60
35186,40
46557,95
19674,450
24876,130
30578,60
23877,60
9053,73
11195,70
39638,40
41120,200
33616,300
18354,80
30087,47
38278,112
34456,170
11802,139
28981,100
18903,105
28386,75
682,179
25029,100
43656,150
26929,50
36031,139
6014,120
26780,135
6698,90
5969,110
16867,219
45628,196
17216,199
45953,200
8309,375
47247,95
22691,149
19730,70
39149,37
10123,65
38531,125
29114,45
22282,99
10648,60
48418,45
13922,125
23300,85
31028,118
5965,350
20986,56
25845,135
39685,180
28883,350
45124,140
22019,50
38733,307
8868,85
26182,45
2138,65
30194,40
34057,100
1113,110
7279,27
24243,200
16592,95
13533,58
1781,200
42818,50
32600,180
42945,35
34269,60
40506,130
22084,50
40925,495
45411,42
10198,195
18003,137
24341,160
22074,210
18935,95
21316,97
18909,80
20265,387
37208,99
4024,105
5150,99
25136,58
13085,160
30935,70
30413,130
17497,230
12069,72
29940,55
33892,100
45528,76
19366,122
39269,60
41790,85
28625,150
28973,59
16609,56
17885,100
21342,175
14072,130
40009,130
2662,160
2302,95
35081,90
32223,49
84,94
36524,79
20454,198
40983,60
11030,285
26964,90
4789,54
1534,68
16848,239
47990,67
46464,42
37152,75
20615,200
35691,125
46360,50
16440,65
3492,69
16841,80
25628,75
29300,260
12256,350
27156,120
433,77
23131,95
24120,135
21196,20
44705,150
35464,25
18894,50
43108,55
25812,180
6492,525
14981,150
18823,129
31687,599
20754,75
12818,60
27370,100
35783,69
43603,50
1194,49
11413,250
1612,140
37699,65
22567,140
32630,90
24267,100
42585,82
28825,75
803,100
29660,40
27710,26
32923,59
9511,55
19788,40
15409,450
41038,185
4317,150
13941,180
27136,100
34732,250
17157,89
9235,140
34199,59
47741,350
41231,40
29973,75
31950,50
15875,100
38782,334
23616,75
28547,85
24046,130
21913,225
32304,156
33348,74
33548,200
31955,200
39055,300
16380,80
46108,89
29260,75
42219,39
45920,72
24782,30
11631,74
5445,125
12039,55
40081,130
8618,90
45518,100
14831,75
6331,399
18398,85
7014,150
6032,150
34018,210
14273,79
13227,100
15586,80
29280,35
22377,80
11116,150
3526,65
33981,40
12408,90
13472,60
25948,80
18338,65
13331,59
39750,300
27614,245
12193,531
15336,359
12184,125
24698,45
7964,180
44830,99
4263,100
22171,80
40195,36
16912,200
10982,250
2560,78
7368,103
42580,100
18541,45
10517,90
9372,85
20286,150
31079,190
27327,51
18124,115
43105,419
33251,150
7216,400
32644,98
4907,150
30356,60
7304,100
13805,100
26650,140
3473,190
44985,100
18088,150
11217,125
24614,155
38422,70
27255,70
42349,325
3610,130
34776,142
18684,100
4155,49
39741,220
31792,105
46532,86
9558,100
26030,80
40927,130
38754,316
38589,50
13163,110
11477,500
39697,60
24812,250
14021,22
20529,45
7820,100
26969,180
39416,180
4472,103
12807,144
35856,45
6599,50
26516,90
14113,110
2880,115
4305,69
17593,69
4044,100
19935,85
10292,130
26869,200
29015,49
40338,190
44038,80
25016,268
24748,50
9409,59
17079,199
10611,120
43048,89
35641,60
39852,120
18568,120
19123,599
46502,399
23327,40
33102,155
4343,80
48620,299
22128,40
15418,140
18072,142
47833,200
925,160
28833,325
27365,130
9751,105
11566,60
46666,50
39791,115
18616,55
21005,50
9959,65
10463,100
31717,150
17590,80
44110,55
13901,125
17142,75
25122,169
26151,175
43851,135
1408,175
5302,265
45271,300
24491,175
39764,83
43275,51
47697,230
19232,199
25953,69
42149,250
3737,250
41741,500
28715,140
7515,475
46837,199
6266,140
44426,184
47410,80
21523,30
21264,95
38090,99
464,99
5538,78
4049,65
36960,200
19257,85
4700,200
13919,129
43287,30
36653,180
19886,75
18742,65
46503,55
38230,85
39516,60
20755,110
36335,85
10502,69
8705,190
3496,220
9873,90
14550,140
1422,110
2855,130
29543,22
48253,35
25071,265
13101,175
45486,29
3454,94
14834,159
27463,169
4616,111
11397,105
4771,200
44339,200
20318,149
763,200
1977,65
20305,85
20045,88
7347,150
42895,250
15410,45
20243,175
12300,275
26160,45
38567,63
1722,225
31739,59
20082,37
48624,200
24886,275
33222,60
7808,80
45403,50
14617,55
13566,52
11642,175
14752,99
31994,99
32135,50
29020,95
24714,90
9193,200
28626,60
38892,199
29385,75
38082,179
3886,179
28558,30
43647,125
12361,160
43985,72
3014,35
6280,450
8479,300
22121,51
1009,100
7195,60
38255,96
29741,150
22011,50
27020,48
6688,80
3203,35
24333,155
10683,200
5654,150
43619,75
28392,80
14663,99
16493,115
12349,85
26305,80
21142,135
2598,145
17986,60
44551,135
18478,43
28003,170
15530,155
44726,399
22278,90
15776,120
30446,75
25574,60
26117,181
39345,150
44808,479
21409,175
48182,75
17988,140
46889,100
44082,119
26600,65
12394,103
48331,59
46827,200
25193,135
11569,50
13858,40
28287,299
46345,395
1363,179
10265,87
15930,150
45961,149
2879,150
1155,220
13550,189
5072,260
17309,67
5283,120
3903,30
47215,129
45222,199
8858,89
10736,139
9585,50
3054,245
9694,120
26782,120
20221,55
47007,46
11593,100
31404,545
3269,82
38515,50
43867,75
25218,180
36587,115
14870,109
21931,70
40418,45
28441,150
18764,49
4995,45
30846,40
43555,229
31532,974
10277,140
5467,75
13717,65
38507,47
32312,199
29877,200
31703,120
1385,80
9601,98
2979,100
34938,36
45106,120
33290,200
36044,55
23659,250
3568,85
22277,42
19723,75
44712,200
38200,130
46705,85
46332,444
6539,100
37948,100
43966,180
19215,135
16487,110
25852,135
22014,65
26381,30
30747,65
42724,190
13281,40
10210,80
12647,40
25902,65
44955,425
45676,375
38442,207
9461,84
38508,35
1143,105
20539,50
19743,99
13300,96
4601,330
19470,90
28168,50
13592,42
19864,190
2026,63
17554,40
22877,199
38626,125
45712,150
46932,184
36364,35
6924,99
5754,72
39225,250
35134,300
30219,295
47636,100
43926,249
20696,65
20334,200
33889,63
19823,125
44357,199
7728,69
40294,68
30107,150
2797,55
20140,65
22776,199
9232,160
5633,52
33419,38
14394,250
634,85
4277,55
3122,550
14842,165
232,250
47417,295
2438,179
41719,104
8523,95
23281,70
38660,42
21286,44
18269,95
9375,500
46813,55
46146,140
1582,79
41859,85
37522,250
30400,325
11319,72
28000,215
10570,299
44522,130
19586,54
6167,148
45202,146
27581,120
37404,45
15048,239
7623,150
17349,300
16500,175
48483,50
27829,210
15622,275
31943,91
17908,250
5554,59
22327,100
34418,325
7389,135
4111,67
23058,116
30631,150
19824,265
7041,165
32757,43
28916,285
23762,77
15250,409
18619,40
32729,186
3609,130
11673,145
31942,150
3536,100
46728,150
43727,255
176,170
3146,94
24069,100
33703,220
30103,159
39390,500
5603,125
41925,51
43150,65
48545,75
37171,50
40179,38
36869,149
34464,250
11713,185
25679,300
48687,101
27980,280
19239,50
14813,62
21643,35
11408,300
33190,95
16889,70
21972,122
31044,100
32925,100
30480,112
46518,250
16110,150
25892,130
30195,70
8936,125
1014,125
45047,98
15693,150
45213,119
29506,200
44329,46
34308,120
9719,65
23053,150
7251,175
26225,79
9993,95
15265,80
5634,125
20662,100
17798,175
45886,995
48455,100
41233,80
5342,135
40940,159
15681,99
30544,65
12379,95
11265,60
31531,75
18420,800
26524,145
4170,85
7062,250
35667,70
8091,125
19482,95
15125,129
33264,60
9981,95
18033,120
7126,150
826,157
26201,159
16555,120
38141,73
7024,135
30825,69
27638,160
24874,89
37316,125
24266,36
778,64
2000,110
18221,39
27846,100
23050,200
15921,180
18569,295
17965,165
3812,1000
1383,45
1287,152
44088,65
19065,45
35449,40
45941,145
1838,125
38035,250
4792,99
25413,615
24617,250
25824,36
27226,70
26992,72
26213,80
36090,95
12847,75
30487,65
32950,220
35230,50
15624,49
26294,99
392,200
47541,199
7527,48
527,110
47229,89
10108,35
37164,115
27823,111
495,150
13752,305
26149,184
15805,75
10059,250
29199,349
34029,86
16413,117
32753,125
28588,150
48571,202
24514,73
18034,50
3969,124
48339,99
1643,155
8420,38
8259,50
19535,135
44198,410
22075,150
17195,275
45512,325
27197,80
42961,47
46856,140
45774,68
30719,220
35181,65
48397,50
3698,100
31159,60
6729,125
35514,42
10190,70
35377,53
32651,186
23186,238
11333,250
19317,198
19820,105
39799,89
42337,140
24884,55
29878,169
40565,225
922,95
8664,99
17266,150
7862,109
40265,100
31286,300
27261,125
44839,80
6846,55
35163,75
17919,45
15239,80
40863,55
24163,60
21772,199
2765,49
34181,175
7762,60
38802,251
43076,100
45003,100
37088,225
42789,44
18556,60
29489,120
46426,110
12699,159
25256,170
3149,150
3256,37
38750,303
35035,350
3444,45
12589,55
9082,250
6472,55
39412,150
22115,75
41411,404
37634,700
18454,200
16013,35
1297,125
27050,85
35817,110
578,172
7706,450
34548,50
11071,70
41358,210
43765,100
1919,60
35140,65
3825,650
8306,39
14267,70
15275,140
24204,99
32179,195
44718,54
39196,49
42358,42
48392,138
39553,190
40450,35
4492,140
13218,139
4763,72
17103,149
13100,79
44881,140
44455,135
8490,340
18614,90
19027,132
43530,495
27217,62
15277,175
14062,80
32467,43
32883,50
4046,104
562,145
34537,305
47200,49
31904,75
30927,49
48596,90
24434,175
11073,150
16594,68
36913,160
14552,50
17291,150
10859,299
12737,90
7287,170
27029,44
41857,47
857,150
33088,75
17961,69
29621,23
48843,45
45497,500
6538,375
47335,91
12906,85
36139,245
38039,75
39002,250
17705,120
35833,44
25932,75
38620,37
37901,174
22534,69
6463,120
15055,159
38101,99
45407,89
13782,35
30663,49
17153,120
18044,43
35939,65
27331,68
37071,39
13292,150
18442,150
30637,212
46297,60
626,350
47257,200
17116,175
9449,175
23046,125
1375,120
4016,53
13083,35
18017,110
6769,175
40945,149
12495,99
44671,130
1309,95
30835,45
30184,37
3136,88
43326,145
37245,65
21043,165
35754,225
30744,89
41289,180
26271,235
32089,100
4526,150
19497,185
3600,303
19308,99
6566,298
48586,75
15328,150
24872,200
17215,200
34681,110
18594,60
7160,174
45204,400
14564,87
7131,180
29556,189
40297,67
13125,74
43478,65
44771,340
47371,250
4224,142
32875,110
40627,199
35417,55
32987,110
19414,250
19733,500
25585,70
33824,60
33759,135
13629,135
22932,200
20043,75
42765,150
41610,90
25563,165
15788,49
41010,65
17914,85
46575,150
48352,225
46374,45
19060,894
8808,150
20419,60
20713,38
29529,395
32333,93
25954,150
18915,180
21173,190
38413,250
10484,130
2272,300
45476,120
48858,68
18419,55
39286,150
37286,100
7834,100
41642,300
13743,400
20374,200
40665,135
23967,115
44381,182
16880,176
28080,50
13160,369
42429,140
24901,585
39868,70
16649,180
42122,80
9530,45
15218,117
12562,90
5897,75
38426,138
16438,101
17030,225
2766,47
31208,222
46044,275
20537,55
28551,210
1094,100
27180,62
46708,140
34348,737
12978,70
45465,56
34648,90
16532,66
5005,130
44434,50
6313,172
27825,184
11045,72
20108,799
21182,139
27991,412
11072,90
27367,100
5322,246
46499,30
33298,250
17146,50
7028,150
37124,70
37791,62
16560,73
36988,499
32802,62
37221,60
7300,36
40544,233
46009,155
41322,290
43388,50
33272,40
19985,35
36330,65
43465,250
28953,60
25455,51
2263,250
3612,125
22807,100
6928,250
46622,120
37777,550
4222,150
6350,85
32609,100
25351,32
9889,167
29296,80
6431,70
1077,260
2116,100
36996,36
44049,91
25108,250
6017,295
4934,69
24040,135
31547,75
4325,130
29577,170
9894,60
9643,150
36822,250
40122,38
22917,99
42284,50
41292,68
36804,60
13062,80
26390,78
33999,150
2342,189
19889,300
42551,75
45434,190
32944,50
17555,250
40729,115
3450,80
36188,150
46654,75
12110,99
13076,200
9841,90
2885,65
36337,180
43512,85
4474,75
5792,225
48267,55
31849,150
24601,50
46963,249
22222,150
40034,200
32998,149
7867,85
30321,200
19784,150
26139,35
20060,280
39880,60
40604,50
15818,150
24062,55
5077,95
48612,45
5587,100
36694,79
14143,295
16331,99
15358,60
12157,55
44878,254
26504,400
47047,65
11838,125
8823,145
34637,35
37715,55
38168,149
26738,95
28310,85
21042,105
29515,169
22206,47
7221,90
42154,35
38416,200
16191,110
45532,75
13674,64
44843,125
39046,55
32216,85
46913,79
43246,55
15679,73
26786,766
40056,100
6643,150
32429,100
6176,170
11243,70
1636,39
24162,35
19763,75
15120,35
35934,377
15884,265
42430,110
25583,59
18171,650
17728,37
39755,180
22397,60
21357,91
23934,90
19928,200
7950,75
35151,60
36583,90
45441,80
40045,70
10666,100
18464,125
36154,100
30443,135
28799,38
48249,65
41917,43
22632,100
40474,400
11317,135
40471,125
47739,299
23885,65
30017,225
681,299
44778,250
25138,121
39357,180
6394,200
44308,60
34786,150
25957,109
28353,200
42331,150
20822,260
12355,130
18010,195
29148,23
33544,150
17305,100
19456,100
20538,180
24027,81
3244,90
35858,500
23506,52
48845,33
35131,70
48665,30
34805,300
41701,35
32028,48
47267,31
14732,133
41036,119
43524,150
1246,295
30282,175
39134,80
46290,163
40954,50
10088,60
14891,130
6127,71
22509,329
6724,50
22788,50
40959,225
14266,70
18948,584
6535,85
6282,100
39928,400
42660,50
18605,150
15719,180
41793,65
35807,300
48760,46
32585,215
22347,120
48067,120
45046,155
36068,60
31871,50
15299,275
11227,65
43386,219
44669,61
25508,409
6645,59
4230,155
41019,142
16730,150
19976,167
35801,126
20,299
11848,49
47577,199
15110,89
7664,125
46142,220
48440,77
23857,84
43594,149
40628,149
11208,80
23040,85
25560,80
20610,119
40313,299
12667,60
30657,190
42195,181
23881,60
17252,104
11562,25
34721,124
48583,188
4466,149
20326,49
34522,47
29551,50
40140,32
22266,150
45157,179
35384,60
13248,219
17882,50
29337,60
14682,133
12549,190
29686,65
21159,69
2152,191
24967,60
12064,375
12351,180
31327,95
25371,90
18964,105
19465,39
2477,147
27743,200
2614,110
15290,369
33453,159
7686,150
47280,297
19989,225
39788,80
39680,180
35657,180
38285,188
33988,75
9280,125
1557,75
38667,42
1265,110
6086,115
35572,199
11494,84
16098,290
8993,450
2231,80
40498,99
12682,199
7464,450
48250,209
34564,550
19080,98
28317,300
34972,150
36502,128
1867,70
9206,80
44957,450
28015,125
14530,300
36404,160
9177,34
16863,41
13676,135
22010,119
44601,99
6217,55
25814,75
6923,145
30796,196
32164,300
33549,250
19943,46
6329,185
5871,80
26654,189
26843,298
12724,250
27979,150
212,199
25945,75
45467,56
25161,333
27105,230
2696,138
10223,69
18401,252
36975,190
44325,48
3665,160
27813,60
7807,132
22114,150
26066,422
994,300
45399,28
5881,199
16277,250
17060,75
32106,100
38966,90
17766,185
42781,80
5693,79
44525,55
38372,165
2873,140
39738,88
6996,100
17768,100
26159,115
19052,48
22868,40
35516,430
17133,100
13609,65
10534,57
34525,235
24270,150
8331,50
29525,200
34277,75
2422,50
33956,35
9744,450
29990,58
44703,130
32055,170
40771,140
32236,46
12683,125
13131,120
36643,45
9565,80
46759,65
26423,92
45057,215
29387,350
4349,87
14684,250
47743,80
48549,65
14872,96
8339,160
32075,500
2312,89
43114,65
20855,52
42905,150
45832,190
8389,37
13701,99
12366,95
8286,276
26515,100
32091,128
42353,130
44017,299
12971,45
26791,95
24954,50
22930,47
47237,65
41486,200
21705,184
1531,165
46090,300
5930,85
9497,130
11895,150
39190,205
4895,77
13394,155
38112,80
15496,55
7647,110
32809,122
53,144
20406,200
29672,30
17011,65
48855,55
5182,150
29997,90
48519,169
37235,90
32891,169
21216,60
24310,140
32110,120
42959,100
9144,125
8404,70
21593,100
45681,275
39308,100
37643,30
27951,50
45246,130
8916,90
30806,70
32733,40
5604,132
47311,80
20927,75
22250,70
9450,96
1253,90
14930,142
27253,110
35949,150
11233,145
19996,115
42063,95
42599,443
4379,255
45320,250
25621,50
18653,100
12916,28
42017,190
45404,75
26363,200
9242,195
41144,75
4994,50
4416,130
31285,39
5197,149
13373,120
39792,235
19190,400
20619,67
25488,55
14942,75
16349,50
37109,120
6642,148
9593,200
38673,276
11403,190
32990,90
21560,158
38428,82
33933,55
29619,48
36933,250
29481,125
12140,95
13947,85
43631,100
13543,150
9389,167
7313,28
42950,450
1266,120
46103,165
3762,120
43567,134
39625,85
43763,160
10024,190
3479,185
36150,96
10985,42
15704,105
40793,165
29092,100
48110,97
19063,299
45072,105
17690,89
24145,150
23527,48
17281,100
11464,259
48488,30
37444,200
36334,125
16503,99
31469,160
14625,57
1018,160
5193,70
28693,500
25451,45
8954,150
39776,228
25440,63
37891,50
38431,249
25025,55
4916,129
48377,125
40105,125
25813,165
26778,80
46579,69
13634,55
26584,85
32937,125
23256,10
20369,99
33538,65
8482,99
43133,327
32338,156
43565,395
8617,80
22313,15
15566,200
27068,40
43748,64
2503,269
20159,50
29842,89
21693,68
36995,45
15426,169
37698,110
425,200
44031,408
10690,75
30200,240
17928,70
24649,50
4835,99
10269,60
11064,54
11226,112
45922,75
533,50
16798,115
37511,75
24058,450
14558,35
48882,40
29518,50
14730,175
45459,65
47932,185
43170,65
2198,85
23551,578
47380,95
45352,130
9822,99
8633,95
37915,115
15246,115
37922,60
2967,65
23993,75
39262,80
4482,950
12602,85
37789,100
33695,65
48060,70
6045,290
37077,299
8116,60
12524,65
28851,81
25394,115
11911,199
41794,150
32643,55
39471,550
9988,200
9571,120
28252,150
41239,500
14196,99
20342,60
44266,58
26796,95
7873,125
27588,125
2725,120
45805,174
19395,70
14820,140
6132,125
36484,35
39115,390
43480,175
28627,260
9779,40
10598,90
9180,150
37500,62
26693,75
13098,200
1724,60
22744,90
30717,100
15538,110
43207,75
28515,195
11262,117
31492,235
18470,189
32072,99
5321,101
41799,48
22607,99
35148,200
42752,140
35129,300
9491,175
48158,185
2058,190
38792,316
22113,71
13504,60
15152,245
13312,65
47794,199
2528,131
35218,40
20887,100
31822,182
2505,250
44397,149
20182,200
32131,190
810,179
27928,150
8394,55
31453,185
32070,89
22651,180
11674,135
4080,145
14965,200
45798,145
33339,46
18820,30
30962,40
19143,35
10983,52
22123,94
27079,175
47770,280
18743,129
8883,125
42024,137
5185,71
18067,79
31362,200
36024,150
27817,600
23549,49
26984,190
9026,35
20785,83
47165,119
40693,57
42896,32
34172,200
42757,131
41721,50
2541,75
7608,100
11745,139
44803,349
23824,120
4477,152
46798,575
26887,99
3484,299
3964,90
28520,99
36912,65
44786,95
47365,260
24675,50
39944,65
13581,299
30396,159
36585,125
9681,88
30098,250
5234,104
34822,95
20019,49
19942,150
2117,190
40635,40
16260,90
16723,160
38076,60
27413,50
6516,37
44610,35
25359,120
8310,125
32911,60
6311,70
36663,125
45006,100
9859,247
33584,190
4266,150
11516,65
28671,105
42988,49
21869,75
18203,76
35375,150
22625,69
28731,70
24409,69
31973,305
18310,85
44131,190
7593,155
13737,180
42109,74
36706,65
14051,40
21721,198
32550,350
10243,59
20487,300
12454,76
46540,229
45130,49
32382,41
46309,110
18870,300
45088,300
24583,45
16197,210
21964,60
6202,85
21556,49
6840,40
35575,140
25938,55
39367,75
31224,100
28816,70
25142,75
29235,108
12681,95
20396,29
5347,135
28302,159
17778,225
31252,165
14283,175
6782,99
42491,107
29423,69
44860,150
21621,110
42432,150
10382,350
40416,110
1340,72
12982,250
9838,140
13207,49
25623,75
4122,45
25291,45
1162,85
48232,561
28479,250
24245,43
42106,315
6039,200
9411,125
5029,80
31501,99
39931,55
10390,73
35871,166
10019,175
16381,509
36857,40
45893,56
1221,150
47354,75
37816,120
44441,199
10526,395
32048,206
29359,132
8703,130
34633,135
48371,120
45859,60
36064,55
26907,130
42963,50
41523,612
32032,175
6021,90
18212,76
33985,113
21283,65
7311,125
41676,50
47228,358
294,85
24888,214
18188,45
39239,231
30262,98
37471,120
25943,133
25018,82
41944,42
18235,59
8968,35
37486,50
30407,83
45784,60
26685,115
541,68
20257,80
3161,53
42174,50
17149,185
12215,61
42405,120
40837,110
4195,130
32362,150
728,110
40238,70
30439,175
27595,150
40155,210
2048,56
26995,130
32139,50
2140,165
46379,205
43562,89
16368,99
40737,95
32606,130
10316,80
18059,38
33550,142
41951,90
46669,82
22752,55
6103,80
24050,72
3174,97
17918,40
46327,74
7559,90
38240,125
4855,289
3400,80
22302,300
47736,595
24059,140
3028,250
44262,58
17442,175
42626,94
46936,125
11344,230
1752,225
23222,63
14876,120
38252,90
38929,280
42382,35
28675,59
2857,600
12934,120
28275,75
21465,350
9106,55
3073,125
25446,139
23132,50
2953,80
3899,89
7260,189
17765,219
42977,150
23639,60
24195,180
9183,50
22832,85
13946,80
5402,40
43075,55
20831,60
30293,81
31367,50
11189,297
31449,50
34526,320
23355,200
23918,37
43396,299
10565,225
38172,75
36873,105
38366,107
23195,315
35797,45
43708,55
47367,145
41435,505
17125,250
9731,105
7805,300
19266,149
28089,35
10133,90
26069,65
7285,59
31345,99
1423,60
42443,100
24595,180
46057,65
11788,249
25028,108
36047,65
41849,235
46401,275
28709,125
36224,359
24039,200
437,150
19849,128
16338,158
14059,120
9849,119
33791,65
159,99
350,175
20285,190
31155,90
41938,75
31941,265
39054,215
30047,50
40281,39
30095,100
30515,55
751,93
46859,35
48744,499
9061,160
9646,120
35658,65
20317,110
19895,255
11234,450
3791,180
37391,298
28121,75
35547,90
1923,131
19754,200
42351,33
27481,190
135,115
3806,75
25498,300
34836,25
5524,275
32327,200
28951,75
48676,70
32867,75
48149,59
4953,75
3309,149
31664,48
42103,150
26794,135
11776,165
15846,55
37505,139
17543,50
14751,62
43266,949
14717,380
35440,79
13439,199
21595,150
46314,100
1278,160
3524,195
40571,140
30012,70
26137,308
30182,199
17036,50
20067,50
2594,75
1712,59
46501,200
23361,112
5192,115
22412,160
5414,95
46385,85
10058,175
10060,50
48613,200
27424,100
9693,115
42119,199
23156,185
17365,150
21296,49
699,325
21,130
37163,85
34997,90
24241,50
17978,119
1702,155
16637,450
41894,150
30141,60
33188,125
20327,100
20409,70
34478,180
2579,125
16346,75
26368,100
2934,71
25463,85
16485,129
24283,340
38479,50
47695,70
36735,150
32826,180
19037,68
13357,40
31127,150
31757,199
42791,149
7318,80
34923,37
41762,29
28097,100
47492,62
41817,175
12278,325
10199,420
6246,175
41586,60
10400,400
39466,79
48593,75
2568,188
3944,189
33845,244
7099,150
48653,115
24600,95
37893,210
47011,70
37248,73
24860,46
19096,80
41550,108
35617,245
8111,105
7861,150
32403,109
47511,46
11538,47
45672,130
43087,150
25410,40
2052,399
43237,33
6355,35
35719,100
48243,250
10597,120
44949,475
26193,161
34532,200
26787,200
9077,40
29313,190
47583,50
783,200
10519,89
26439,349
35728,165
39350,70
46836,48
42275,450
30138,180
44388,200
36578,80
13122,60
33133,73
46563,305
11869,170
23024,55
35668,63
23607,69
2160,145
38384,250
8819,119
12114,100
13128,150
19594,55
23948,50
8149,48
41986,407
35451,99
41332,230
25862,150
23333,150
13151,130
32526,90
22519,134
46167,49
2449,350
50,80
29036,115
2936,115
15040,239
2592,100
16307,150
43443,240
14896,80
36483,80
11718,150
48878,45
38446,42
16134,65
34142,100
11602,175
27078,60
30110,190
22396,129
27754,65
20088,85
48128,150
22821,80
15091,999
21590,144
6690,37
45064,125
12373,265
41831,70
19441,202
8979,50
16540,79
21658,600
31300,300
37076,170
2535,150
23134,60
34505,287
44707,165
47447,50
38635,119
42546,75
39571,140
46589,86
28939,190
17173,175
11385,95
17979,30
20351,220
22975,76
7365,55
48023,100
40013,70
11899,88
19284,78
39870,135
8319,95
10350,100
25882,80
15981,180
40243,45
12891,80
27684,45
37184,160
15804,75
3020,29
7331,300
6559,90
17799,88
24832,59
1796,45
34975,60
17912,360
14543,110
19343,110
45590,61
15280,60
14988,85
7599,200
25838,60
45203,125
47482,50
22592,75
46844,200
43646,119
42221,158
29216,130
1065,69
9111,99
46444,86
16427,85
15535,60
36852,215
13661,54
42550,75
8560,175
27279,150
44220,38
42463,190
16995,140
40217,75
12055,110
14826,85
8773,280
39982,35
17715,35
18468,175
2020,107
44717,270
42080,249
18363,42
38462,65
29425,170
2053,157
38419,88
15655,41
41445,468
29287,90
11126,300
25956,95
45188,381
17803,55
37857,200
40736,29
33937,150
1845,99
66,225
16747,121
37738,50
42413,45
3584,93
18143,210
33878,44
39633,340
16045,110
43043,142
32459,100
18925,60
5637,100
6036,250
16669,100
41123,175
3808,800
44730,65
47563,200
31382,180
17362,118
16025,125
36116,79
41681,49
2352,110
18657,33
11338,250
29542,95
16225,65
39958,100
37732,137
9196,285
46472,50
25176,200
11994,42
36319,35
36681,45
43762,120
14319,50
40640,41
45170,999
25485,150
40101,150
6735,99
24421,60
4374,35
26688,125
33687,120
2008,139
29798,30
12675,200
6093,180
8549,120
3571,180
26450,200
6076,200
48073,110
42534,62
16789,90
43676,199
22047,70
2013,295
16583,250
23450,165
13473,60
7345,115
15036,109
21350,100
18317,110
424,145
48588,55
31715,235
9600,120
25550,120
20737,45
16038,220
45565,220
20764,55
5048,104
22183,120
8688,200
15189,177
7595,165
40374,275
45629,250
13064,115
30035,65
44678,76
8011,345
44753,150
25735,100
21112,250
26636,130
2369,499
35503,57
34535,200
33177,595
6490,132
13792,75
40759,119
22166,141
32601,65
35774,65
42545,90
28387,55
17748,85
8273,99
18290,56
10002,40
44500,210
30467,40
20779,22
35369,47
33899,55
48563,343
43870,135
19423,65
30269,175
48710,125
2192,63
38800,379
20403,48
14382,65
1173,90
38226,63
18183,100
22707,175
18328,38
5571,45
11987,180
5616,110
32713,120
31689,115
11991,95
25187,140
28143,400
22472,1000
46810,89
5797,90
32618,150
46198,179
15397,100
1281,399
6852,120
6297,85
39215,31
35289,118
15926,95
40720,110
40221,115
26071,149
43830,100
37170,50
12698,140
44307,250
7168,150
34658,115
36202,40
40687,69
12584,200
16823,45
15640,160
8221,75
22501,53
6263,60
38821,250
28523,88
21778,195
37680,180
9796,200
33306,36
6432,60
15662,50
43045,80
28566,150
11216,125
35144,90
5793,195
30645,80
30712,210
41353,69
13791,80
25030,75
2850,129
6293,300
27753,226
24635,140
2906,75
36267,314
41330,80
41759,179
15205,60
21557,58
26448,33
21927,169
36092,100
18036,45
1147,185
43334,150
21687,75
26818,160
32412,90
26753,135
37617,60
15345,150
24815,95
39223,55
36697,53
10653,75
35932,55
48782,129
14653,109
34189,45
40997,80
30919,159
15943,390
41287,160
23716,100
45749,650
26323,55
33080,85
36313,150
26203,225
19918,180
37886,175
2771,115
35330,480
21837,150
44373,277
27758,245
41771,240
15160,70
33798,174
2731,73
62,250
38075,150
32983,220
39021,69
45820,140
15672,65
38763,271
22209,95
12843,140
9979,59
39660,150
46730,45
1342,250
22337,60
16735,163
31896,49
38593,35
34417,220
5337,65
23208,195
14337,125
35978,78
42866,146
25867,35
39619,30
15834,177
25681,175
5452,95
43891,195
39871,125
48393,85
5422,75
17418,200
18388,40
16367,200
7219,55
15309,225
27061,139
11595,89
28376,150
33249,32
1039,125
13641,110
26785,70
30908,75
46259,100
38437,100
10387,100
10157,47
41901,243
34812,159
14643,50
43328,75
44270,27
9277,38
41764,60
4846,250
11651,250
6117,200
3062,135
36515,80
30659,60
23844,30
48540,46
27452,55
16645,110
8513,264
28789,175
31493,200
21498,55
24356,53
27608,180
46313,500
23617,49
26974,70
8351,110
676,199
36192,59
34304,210
21451,80
16505,113
35921,94
25317,150
3672,155
14408,75
17471,140
40887,70
44090,150
10723,42
23000,130
2927,200
18800,80
14400,145
27756,193
2242,199
5453,189
19344,80
38019,100
28759,32
28604,180
20147,158
38590,95
35916,471
32771,60
17511,135
2241,150
46404,295
1293,90
11173,83
9045,700
39415,62
5153,199
33657,55
16496,36
28910,83
22336,45
47698,60
39563,45
3799,152
1618,52
22769,207
40767,49
31781,140
5261,99
41274,60
43824,300
7167,40
38936,42
27322,50
25808,65
47025,99
21767,59
35526,34
36689,70
13678,295
17002,105
37552,50
4147,95
47323,35
30236,35
48282,1000
43559,150
13899,125
2682,144
33880,120
6487,52
13519,84
45977,80
41076,120
4885,195
16423,75
475,219
13054,66
2648,195
30060,175
42705,109
48470,60
11349,50
22419,115
4549,184
15829,135
2646,100
32818,175
20649,90
10362,150
33166,40
10104,120
43330,76
4003,70
47030,250
24641,81
20282,90
1048,110
5537,129
1561,299
44336,499
25473,119
23182,150
41161,80
44785,148
969,250
19692,125
39938,90
40911,73
32948,299
24090,225
48009,180
25456,50
39129,325
17387,75
15187,268
26072,45
3199,45
19749,85
30976,48
33162,75
10491,87
33387,599
23476,99
23599,100
18131,35
31643,50
29487,97
47944,50
2596,98
32492,50
21599,100
39605,130
8611,200
26282,50
25491,120
48884,190
20523,92
28760,50
34517,650
23587,207
16929,92
24168,62
31799,140
2313,50
12636,113
21995,86
37139,52
35966,38
42300,220
39313,300
25403,55
5953,146
20118,250
20974,70
34978,170
22537,146
20555,50
26806,75
10918,55
1376,120
6805,150
24696,110
31278,180
3392,150
34194,250
16068,65
8303,100
27234,125
519,99
42619,60
2418,120
38400,130
41736,500
11731,36
10126,238
5650,149
13213,97
17023,180
537,139
32819,85
7364,136
46459,49
6550,155
42664,180
27141,79
2443,41
22887,94
31935,225
6847,70
45539,75
20264,199
44986,100
5134,145
38110,100
36705,65
17975,51
11636,97
13362,150
8719,200
6407,79
25763,48
39256,40
33823,30
46275,227
48774,35
15978,123
1831,148
26835,350
21712,98
16494,115
39004,100
7838,50
46795,88
35775,65
1555,70
37136,700
28408,50
47723,185
21716,250
21755,50
32084,200
44615,209
39410,155
42175,38
29089,100
36650,99
38305,100
15994,200
167,70
29786,50
22530,94
22622,125
27121,180
3105,125
28954,152
47552,36
33846,180
34003,67
27941,259
30607,26
39322,34
43184,50
20881,100
10554,160
13231,150
25242,359
15204,144
46951,85
39304,299
45811,100
28372,110
36348,60
16256,100
26005,160
41482,248
44120,75
43166,47
36767,75
33460,189
30924,70
10147,175
377,95
31737,135
19313,100
46757,89
41838,295
41433,250
5374,80
29250,109
40909,59
44366,95
32157,140
5266,85
18461,250
14012,100
38381,100
21440,100
12402,250
24042,190
36859,85
2762,220
44643,53
17297,189
39905,130
31908,80
31337,85
10459,240
171,40
44016,123
1917,120
44506,150
46372,130
16477,105
10915,50
8079,120
4951,113
23978,200
17009,50
27491,105
35519,75
26419,50
4634,125
8483,52
10863,300
12559,60
12857,150
34662,196
4515,50
29480,99
48564,269
11955,65
24800,60
46266,100
35679,47
16596,150
15600,91
22793,86
42919,40
15895,60
11324,62
8484,125
22323,57
27849,228
22858,45
35352,300
4575,175
3363,130
47830,249
15470,935
42565,260
20101,33
17713,41
35558,70
40711,190
5170,68
42002,100
39620,114
24428,62
46326,95
36410,240
42802,100
29000,75
27842,165
27425,385
14082,219
8911,99
46658,299
15319,29
9269,110
13937,150
16566,60
23531,75
14931,75
11433,60
47039,165
22294,45
41151,115
29435,78
6697,129
36393,45
8588,150
26451,790
23732,45
17470,240
44358,45
4082,90
10418,180
2908,250
8263,65
12990,239
3158,130
43810,180
7280,200
22939,100
29160,125
17712,120
8955,40
40295,50
15126,239
32743,100
42938,140
33917,55
13301,50
27116,109
22963,168
16198,119
4413,59
44481,249
46048,198
29752,125
1359,129
5224,130
22765,35
3367,100
14601,100
38369,43
47260,32
28698,320
35041,75
12332,200
36119,85
18766,45
33224,75
47173,60
1528,60
8985,80
36950,65
21647,75
10650,99
19621,100
24218,350
23901,250
44763,399
32205,180
14261,450
8926,105
41213,35
30156,89
47508,350
26812,250
3653,80
35804,90
10267,55
18655,200
17619,300
14940,135
36845,195
46377,900
22111,120
11035,115
12412,75
15313,62
43470,58
24731,80
22785,120
17541,300
2689,125
33244,90
34895,239
4962,45
13707,69
21307,69
13628,220
17132,150
17112,89
47167,190
8951,74
15007,179
32762,140
34051,245
7714,65
10675,120
20875,80
14639,150
10633,70
191,299
4512,70
47501,60
24037,45
36004,39
22928,150
24710,95
15488,150
42084,250
44344,53
46941,85
25662,50
25714,60
2514,219
35660,49
34503,125
45145,48
45713,194
21760,31
46228,99
17585,75
23944,165
15030,70
30998,60
5559,300
42302,40
35071,150
35741,110
19066,50
6664,275
26454,100
13993,99
33561,180
490,115
34737,170
4845,150
30427,98
35065,300
36744,75
10606,250
10361,75
20937,36
5219,95
43054,120
1584,120
16170,28
25477,70
3917,112
30325,96
19549,40
20341,700
2095,400
16887,225
30342,100
15057,70
34610,195
20746,89
39899,300
34898,300
13225,30
7319,150
8324,80
31791,210
35279,170
27222,32
43361,150
41542,120
38327,714
3117,180
40020,209
6758,200
47543,100
11746,41
39029,90
436,98
15074,89
47977,60
22112,44
30586,137
4857,197
5489,150
23694,1000
37412,103
16857,107
7053,90
7217,140
46626,175
4261,53
41143,44
25124,120
28811,22
25613,80
4964,80
36829,110
13878,35
43369,90
43131,110
45966,495
36684,125
46872,149
8927,52
48123,125
3236,105
10842,44
41837,295
33325,43
9538,140
7906,109
25470,70
48246,250
42858,210
16673,375
42470,120
31140,450
36991,90
18041,56
34544,253
44147,75
10141,160
26582,110
44688,150
47783,50
28055,45
11009,149
48020,90
9284,90
10281,140
29485,40
39005,98
35207,74
26849,175
9597,199
38257,37
27541,108
20978,69
45757,35
4283,99
16102,65
17322,205
25891,114
32416,70
13790,50
42246,33
29635,265
43610,65
5555,111
5488,160
12702,110
33343,190
29121,44
46750,200
46450,65
41847,140
46219,279
9667,40
16178,55
16132,350
26768,150
18570,160
7031,155
31360,112
17819,69
10398,335
2724,150
7912,108
31112,235
27101,89
35387,200
4683,70
17200,200
36998,160
29426,105
34614,160
2636,129
21449,110
10717,70
37325,64
25517,70
39672,80
17039,55
36141,295
16296,165
38688,334
21858,200
34837,35
32575,350
7374,160
29972,150
12476,77
28997,49
17761,55
30577,186
30896,105
28394,98
24092,90
4694,135
19905,950
13230,139
30701,159
24427,117
21418,100
23930,69
9987,80
28541,35
8693,175
18192,349
22273,139
30872,300
2465,42
17924,40
117,235
14315,50
25245,60
24219,900
9622,80
29486,60
3673,50
4563,119
7603,70
31333,85
34336,699
23027,450
25562,66
8569,45
5882,190
7323,115
23910,89
27953,450
382,145
35342,165
6448,60
15904,33
37842,80
6126,100
30283,32
37348,30
43285,49
26293,75
17406,80
37441,200
7543,100
29230,65
37074,255
25009,690
40930,218
34574,250
39572,250
10680,45
3794,85
24308,100
3827,225
32966,62
19956,250
30136,245
14092,225
36816,89
7102,79
7743,172
39127,110
24214,248
25940,30
21996,251
27924,130
14692,142
40725,99
47461,140
33766,62
47578,350
37318,120
9697,125
10080,72
7324,94
48261,100
7674,100
46908,69
22679,95
39731,153
24769,115
30159,85
38639,189
16284,559
33532,99
10748,225
20215,120
3997,49
29103,250
17117,58
31630,70
22906,70
32173,70
44652,50
33848,60
15932,140
28030,40
43574,271
24016,55
1369,260
41458,247
45451,68
18725,85
43483,215
36390,99
17905,150
8710,265
571,80
7482,38
21295,49
31780,70
25495,73
38844,55
33597,90
37007,100
99,125
24524,299
35859,100
34373,250
38089,100
15173,160
37121,145
36287,180
23231,305
14714,65
615,145
10885,250
45787,150
36904,89
39998,75
34463,50
11815,100
42571,65
23061,180
40605,92
19571,98
37917,80
5069,85
18778,80
40960,100
21988,200
43313,250
22421,65
47246,230
1693,45
34802,136
32171,79
24299,77
42252,150
26742,179
28467,75
9909,49
42507,150
17686,85
26620,130
29343,40
47443,95
31036,119
46644,321
13921,220
32856,40
18099,120
5320,90
15449,300
20064,75
19480,69
18488,95
40599,70
38780,312
43288,135
33977,100
13354,49
20665,50
17942,125
25024,100
24415,125
14557,76
16363,99
29979,25
25412,90
27997,90
15385,33
2924,85
37907,45
34409,45
5536,90
34581,220
40646,100
6575,63
36359,30
15503,60
41865,145
45782,130
13538,165
18713,60
23126,52
28884,90
29627,79
36474,70
29799,60
47012,55
31974,175
2034,38
1023,125
18805,99
25701,250
9590,99
37710,90
33293,55
28093,38
5132,200
42334,260
22095,30
38978,350
32981,95
31275,200
3037,44
15836,190
40841,80
31049,96
30994,100
47827,45
45921,200
32040,85
47143,160
20956,235
39649,300
43190,89
27338,250
4543,100
46231,46
17458,85
32503,300
7653,55
12155,289
14626,138
37651,130
26431,100
27564,78
17516,80
6790,145
48889,65
39499,220
33486,80
35771,45
22118,175
7408,250
19687,150
38184,70
29539,55
9477,47
43695,75
5023,139
8925,82
19770,80
17785,108
7783,175
28605,175
11336,410
16000,65
31054,90
21157,150
10722,429
40296,55
8720,175
18874,70
46116,90
9410,90
47401,115
32450,100
20943,95
17007,100
530,75
24607,135
22624,55
3452,110
43571,350
25308,119
29133,187
37265,265
25980,89
34205,137
6261,76
39745,89
48090,75
19460,135
7140,70
13189,75
33850,245
24752,325
18232,120
38067,55
7427,75
4861,56
22345,80
314,113
38254,46
5552,140
15925,52
8798,150
26048,42
36586,50
29019,75
39886,35
25461,102
685,110
34157,189
29574,300
546,160
48756,129
47817,230
8857,59
20591,400
46239,50
24580,48
32670,48
39933,227
21986,65
44078,57
17992,100
937,129
7800,70
43305,43
14649,115
15753,60
14186,55
44012,150
40084,200
38491,160
6579,127
25069,125
9890,103
9337,85
37055,75
16371,130
1588,350
16003,124
9685,185
23517,90
46183,249
42066,58
14193,199
25094,60
9916,195
15749,50
35582,60
18761,76
25180,80
3828,75
11465,90
36320,75
13714,51
27868,50
48318,95
11831,135
34208,165
32306,197
8364,95
8870,35
4212,135
45445,80
42801,100
31666,250
20146,50
19222,65
43621,80
30829,120
17960,85
22068,38
26191,52
11606,305
2254,50
43350,99
9043,150
15850,100
13400,50
14746,190
20356,40
15398,525
34808,32
4682,125
6592,70
18121,120
36655,187
39098,185
48511,450
46128,350
1141,350
9902,40
15039,49
22,80
25532,80
45797,145
16063,45
47369,30
12016,140
44032,100
42061,150
37784,39
45086,250
6634,125
8385,89
41961,199
14571,280
46208,399
12986,369
11163,149
39496,48
25615,77
43370,174
5177,136
19937,75
14309,70
28929,150
25102,50
32912,60
20865,56
14964,105
34237,120
21585,72
42689,399
20125,500
8100,55
32284,62
23116,75
8949,89
28189,139
35360,220
21287,75
3220,248
8143,150
44474,259
25074,45
26820,100
39160,50
15079,70
39863,40
11747,220
12503,55
31447,150
24494,700
27642,100
1349,75
3648,225
42082,249
20635,225
6691,90
33795,95
36460,50
43593,100
16751,139
22453,150
41952,100
18644,67
20899,200
9950,80
40158,190
18267,55
20029,101
47844,280
36958,180
1106,210
25917,300
39790,60
30444,140
41663,239
32579,115
7542,160
6294,67
10203,100
14829,176
15174,220
33780,109
20799,115
3835,129
7064,99
47302,75
45673,188
8030,100
17842,109
6930,65
4445,115
20717,90
39580,85
25032,80
27441,125
6983,85
24846,34
5809,260
32763,250
40270,150
45908,220
24311,125
33197,187
45167,254
24957,39
6510,75
31191,160
18981,79
38644,180
36481,48
1153,68
24589,100
8751,100
9264,116
8604,110
22577,200
30642,139
36007,45
24143,100
34129,49
12319,150
16332,199
17540,69
41423,229
27190,58
41613,150
40432,172
41618,40
36147,59
35942,150
48146,40
190,275
9747,70
48634,110
38973,150
21764,80
43015,150
38560,79
28832,40
24013,160
38789,274
552,95
3975,30
23009,325
13273,220
40469,250
35522,200
26721,50
24340,150
26382,135
46924,200
21103,60
22193,40
48346,125
45594,25
22616,145
8247,65
4140,40
35160,64
13819,67
39182,150
18333,35
9333,110
34606,80
39312,51
16077,40
27791,21
28681,75
16014,45
4027,210
11049,40
4671,166
19975,120
11247,350
35486,115
18048,75
8506,180
42088,280
26265,50
22440,125
26588,200
23246,43
14753,34
9554,80
27726,225
4806,349
6509,100
40631,45
35919,47
12599,68
39424,150
27862,120
3734,129
39380,299
35274,38
33362,50
47236,417
18128,200
3425,164
27097,65
7489,100
30795,45
45500,94
47524,500
20724,70
12930,197
2493,75
44011,99
36964,244
19127,499
6075,50
27449,80
22603,200
43909,135
35278,31
29152,140
22034,145
1874,120
19160,748
40512,100
19587,56
40375,199
33605,51
4225,150
8602,230
3707,79
6398,170
9568,166
39541,175
33619,76
6302,150
34632,57
21207,130
40826,215
15716,90
29771,199
10099,150
36341,359
40042,35
13687,139
48238,220
19357,205
3321,87
5808,150
35217,95
43027,175
7450,190
33414,49
32813,90
17253,130
4262,179
22935,109
30285,60
21115,190
24596,60
42188,85
26415,76
35599,48
37620,80
15812,105
22692,75
42511,180
17143,85
48426,400
34789,100
29653,200
27783,99
22686,145
32650,98
27826,60
5128,95
12933,30
17597,73
30857,1000
5949,110
34887,50
24327,110
10206,425
15968,325
42971,45
6834,99
19350,80
45241,250
10242,108
43654,53
16808,150
35531,50
23903,220
46148,52
36251,68
29386,60
25629,175
8353,160
44754,50
46133,65
25286,118
18945,150
45071,100
9674,130
36115,97
33404,110
5198,200
14413,28
7015,200
38641,105
48105,185
41971,43
32958,349
27022,300
44890,60
17436,350
2635,120
39639,70
46606,299
24130,79
43943,80
46113,70
22751,70
24882,200
16021,60
22146,75
12292,215
20520,68
29467,45
34133,35
34816,86
4048,595
18985,140
7264,199
9468,38
29323,400
22663,110
48673,85
19303,90
26552,300
8026,100
23435,50
39404,575
38790,347
37397,180
20174,135
16562,110
4527,199
20058,160
23804,148
24414,100
11733,50
9219,95
29138,158
27426,47
18559,150
40152,1000
22617,44
26993,90
11908,46
568,100
29994,850
45028,425
18170,700
12222,209
36947,78
16944,101
9552,235
34407,45
36394,69
29844,35
29810,98
22728,99
46684,225
17191,105
21729,200
5178,92
33897,59
21385,46
4454,87
38137,380
47516,199
46391,400
13344,30
37302,100
7746,50
38857,140
35298,150
34588,125
1861,51
46867,60
2473,58
19832,150
14642,115
20530,50
13498,99
32162,89
6253,160
3639,300
46625,200
11900,800
30736,300
29129,78
26281,150
8033,220
19418,80
21102,275
6889,50
48406,115
44869,40
27479,55
2343,133
8018,45
32417,80
40923,110
37419,80
3376,120
29897,150
27955,80
17603,150
8495,149
4017,160
38319,675
1836,45
46125,70
14359,43
2947,125
32615,180
40150,150
37050,525
8591,180
27559,175
25324,150
22985,36
1567,425
32358,132
36634,60
22717,50
36018,225
18508,250
15715,180
14001,44
28398,45
46949,178
23911,40
45637,125
41804,250
20617,190
39942,200
25715,160
36540,75
22683,195
18676,70
2385,100
48777,60
46029,200
28065,375
11411,83
35358,45
38959,55
22246,50
9907,70
45364,100
17608,70
25186,43
2929,62
20432,130
2326,115
20474,97
45501,140
16578,125
11487,44
6273,220
25698,70
41812,149
26340,225
1772,165
14154,185
744,96
24691,69
18845,70
1419,80
1455,100
48042,42
4488,84
44172,45
41551,70
8084,125
13267,85
19603,133
39937,250
37965,350
21681,169
3800,250
46584,220
17779,159
24757,108
24925,38
21476,270
9210,140
6153,115
44876,750
35562,119
14801,159
28663,150
2349,115
3513,150
46376,300
11698,150
17451,175
25199,125
19072,120
3200,175
37375,145
27653,175
32938,850
45344,100
34996,300
1334,195
15392,105
41079,299
40803,70
37684,195
5713,30
17589,200
48736,110
36020,65
48650,49
33034,99
23049,80
35103,76
18137,175
45796,245
38945,42
7711,150
9802,169
42178,220
20948,100
48578,40
5627,25
732,220
14521,180
42572,117
28034,55
47105,305
7635,70
21199,250
25834,50
24073,133
35662,115
32588,115
45410,90
3676,112
1828,109
40360,200
38394,300
40109,65
31222,50
21743,50
36872,125
38569,125
22007,126
13491,30
45081,350
27126,36
45350,60
42869,166
37534,75
11690,90
31565,100
30372,135
26375,30
31125,220
27675,70
10624,50
25710,150
6628,100
26279,30
27665,25
9903,100
19379,138
18907,60
27895,59
43316,505
26124,179
19747,159
18869,150
1017,275
12346,99
5440,65
40584,299
26362,120
17558,101
32323,175
41888,185
9913,90
34843,400
43280,100
44776,48
41055,450
22811,150
25435,45
35252,79
41315,500
13862,120
5033,80
23332,110
39904,80
33040,349
37326,100
18286,99
42841,299
41234,90
46210,399
25998,75
6776,112
7879,100
39517,70
24207,65
7393,200
28975,210
830,150
32295,50
45924,85
41830,350
37421,66
28258,196
26878,120
15728,50
30313,100
46623,358
41767,96
16618,300
41529,70
22167,199
28,44
19897,42
17551,65
19766,209
17467,69
10493,54
5880,140
41319,280
13832,45
39725,100
5111,75
48670,299
12747,300
23329,80
19012,75
15387,80
42379,177
18359,180
16180,36
43897,34
6663,85
36231,225
42924,46
5701,80
18361,150
31477,185
1124,155
21192,120
30817,154
19085,40
30836,187
20352,35
36572,249
10848,65
6703,45
13074,160
37018,150
46917,80
47352,79
23025,133
11406,54
4105,105
18683,100
25163,60
48870,99
448,165
35850,185
25905,170
2282,190
20250,100
35831,389
30675,105
7163,100
8928,250
20577,95
46232,140
45118,299
8980,95
28169,200
36366,120
15508,186
11364,175
26247,70
38232,62
45674,150
22224,200
38898,70
3354,95
32221,45
7445,140
17693,113
31311,70
27841,275
41128,250
47674,350
12147,125
20289,150
43674,59
13945,40
36012,53
37752,165
34832,200
12488,200
31451,59
35014,62
22109,150
16347,60
10964,150
7269,49
18664,100
8770,160
38065,43
43865,150
2002,79
29172,120
5067,65
10914,60
3569,90
34646,160
36110,189
19819,99
41480,165
36099,90
23080,145
27708,49
15741,50
31030,69
4757,30
19773,70
40549,45
12472,100
27273,75
26044,55
37030,63
5313,80
15853,30
31931,295
13639,143
3956,99
13413,43
2372,152
43371,260
3738,250
13578,90
42671,78
16396,99
1718,75
3937,60
29617,120
17600,325
3086,195
24305,106
12496,125
12554,60
24805,85
29783,45
23239,150
19861,40
158,475
9423,39
47095,128
40576,115
48857,85
19422,534
12023,100
11677,100
6189,200
45209,125
8381,250
47560,80
45492,150
16570,50
28047,119
47306,295
33462,190
40600,105
28075,52
22494,50
43245,70
6106,249
33074,60
46220,42
21310,73
37306,80
26816,120
24968,399
34641,144
6526,375
33975,40
41673,190
2700,100
11308,85
38179,200
22595,196
6604,90
7240,145
5,200
16483,220
19961,78
39354,65
5588,199
454,150
36935,175
44365,145
47854,100
41340,250
2005,55
9349,38
19312,200
5037,192
22947,79
47793,60
8194,52
17644,150
41167,35
28031,100
28869,54
7917,80
17262,109
47219,90
5239,100
28175,31
24115,99
9642,245
25162,50
38938,42
16815,200
39116,450
25166,89
47576,350
29889,74
7877,68
13409,170
37822,145
45108,50
33744,90
40714,99
6648,250
14561,54
15334,55
27787,60
47509,100
7386,500
24947,57
13195,50
8524,60
21783,150
31235,425
26001,174
47517,150
34210,35
3661,180
14031,75
8606,189
23365,65
4614,400
46562,56
26258,60
18148,325
37064,250
2708,129
23045,75
41568,75
10193,130
29112,159
18343,45
38597,200
35050,200
48812,50
1674,133
14535,100
12398,300
9758,102
42999,59
33005,60
29582,70
24520,45
18076,179
21897,59
26801,77
19100,160
416,185
16973,200
4273,129
34890,175
37913,225
8983,350
2108,120
24848,35
1062,100
40169,97
7644,350
11139,85
36170,199
17021,219
30007,90
34815,220
39090,170
28297,65
41689,40
41008,65
32747,100
41006,65
13597,68
1308,180
8764,50
20390,165
17813,200
21597,95
39849,80
36633,60
46085,75
11099,144
406,130
16855,239
9493,158
48309,70
32767,175
25692,70
9167,99
9179,205
42072,100
42842,120
31785,200
47592,75
48879,120
29062,95
27434,219
30828,31
17654,36
41746,192
4406,70
12474,34
1268,110
6598,49
22122,95
4918,125
36060,145
7156,130
44259,63
8845,64
36285,31
41493,68
42614,95
5027,115
15782,99
46815,65
40232,100
12443,80
40466,229
23136,65
32176,41
29863,65
39999,70
10668,325
32685,220
15807,100
44273,225
9702,46
14890,43
18830,75
18687,120
26836,35
20897,90
28578,75
16856,239
24602,200
27008,200
13382,79
17944,75
18261,88
16811,38
14879,122
46656,50
22269,120
28644,39
35967,99
34925,60
27138,175
22204,160
23247,119
6151,320
35659,200
36175,75
11251,175
33901,65
25206,115
24426,52
26709,85
31993,75
4035,70
11120,80
17353,113
30045,100
36128,140
11313,140
5817,280
5016,120
3416,250
68,275
40569,65
18315,95
13974,179
19830,65
31399,120
35567,250
47579,45
6370,225
15934,70
12948,206
4002,395
21277,91
10467,87
18606,100
46935,198
45321,100
14576,165
22696,150
15793,40
10686,199
18251,350
16166,75
24277,68
37970,249
13999,117
16829,50
22015,50
10352,96
45804,165
17315,39
37494,151
26802,52
29236,68
42926,75
10689,200
9852,155
25873,210
8886,200
29,180
37790,200
11223,100
20958,232
17563,100
43700,290
10785,164
26676,44
23735,120
35965,53
27882,45
42527,168
14555,619
36623,68
41454,230
36994,139
5475,199
16147,89
30150,130
15101,120
23277,270
41016,70
45711,550
40731,80
44196,159
30011,70
7965,120
10287,109
5523,65
36318,32
21446,35
3576,65
373,169
37767,200
48631,39
11005,45
13630,140
11430,90
16152,170
41146,120
22288,60
20984,94
36919,300
23924,85
46629,150
22187,60
30238,43
10048,145
16517,171
32994,120
48791,50
1171,300
24,120
37006,65
33944,31
39789,80
11843,120
21321,243
4128,90
15797,110
11027,199
18944,60
36124,150
19689,150
27978,40
32481,190
5483,150
14837,99
3034,184
7660,30
25987,76
3310,480
33735,36
46826,48
29195,58
8270,16
4529,33
7453,250
11476,434
13480,135
40203,150
21050,95
30419,174
46691,70
26983,100
27599,69
38992,55
828,192
12207,150
21670,54
27948,250
41223,53
6855,300
17064,260
15559,200
11960,100
41517,55
3154,85
27769,60
17804,125
14926,69
9723,68
26803,95
42535,62
7596,149
18622,163
47373,400
24981,120
20860,175
21863,110
11840,150
31998,150
11820,35
7539,101
5444,225
33723,110
19484,200
42401,95
6803,94
39953,35
31185,120
47132,149
41891,120
41097,100
25654,105
35357,105
7026,80
43691,120
35628,199
4327,113
19017,100
2960,49
16465,250
14342,150
25680,139
10595,90
16714,150
26922,200
10481,74
39165,50
29262,150
4473,108
15383,199
18393,100
8296,42
41011,65
41071,160
22741,37
45043,149
3642,100
44448,65
28976,150
5951,90
44305,87
30434,75
33468,39
43189,70
22232,95
46878,55
11611,150
35343,200
36476,55
22295,100
2780,178
36911,49
3168,40
40468,49
897,219
12867,49
34329,80
9638,47
37048,119
41816,62
22960,150
7127,60
2556,215
21028,175
26239,85
23995,130
5549,100
20436,55
1494,355
18484,174
13514,125
21624,100
42914,250
38216,225
25568,90
39529,100
33176,75
21070,206
13967,100
43218,58
37646,98
27575,50
23973,90
12247,175
35595,66
2770,229
29072,150
30239,32
31685,60
23997,60
45175,189
48336,30
20417,40
38983,55
39396,33
40098,185
23956,85
347,120
38409,40
20814,110
2009,500
27635,60
1980,58
14204,259
9143,195
7986,110
23907,55
22143,116
24154,85
34595,180
35312,68
33215,75
16782,85
23721,115
47125,170
1118,155
29600,85
30440,125
5573,200
14582,135
38281,44
16627,600
37573,175
34040,75
39052,120
8493,80
42658,120
8114,94
3314,175
40617,89
15190,60
43822,199
28053,200
40757,250
3443,50
26830,40
10439,65
31572,400
3887,200
38752,278
47434,70
27957,450
42051,359
29372,90
27725,200
30294,85
38466,139
20333,360
7650,100
30380,25
11495,70
43935,53
1033,190
25279,53
19073,699
26312,38
7381,170
2200,60
22512,100
17490,200
10411,100
22040,60
27977,160
33527,120
4722,130
19114,65
21326,45
11282,100
33374,60
12970,180
30385,220
312,195
20969,30
25995,60
39249,80
6809,70
25691,55
23718,90
16524,60
38399,125
14344,154
15303,87
45313,275
6365,55
48266,45
31138,180
31292,450
5575,65
41587,60
30231,125
27721,35
15529,38
112,140
47454,649
3525,89
16459,69
30850,150
36800,195
37105,75
42230,60
6577,220
40990,110
19869,250
34995,78
21801,153
31335,65
17726,70
10094,200
33904,40
42060,128
23943,130
46380,400
30371,101
48,115
9519,225
37870,80
27858,90
15641,39
39676,30
19855,50
1840,75
10150,40
24437,42
3787,250
33950,300
12489,119
16926,85
8082,129
39845,60
35571,149
25431,110
10460,77
18293,110
18635,399
13876,196
17368,40
8272,60
11111,55
36901,100
42732,126
9621,60
24736,55
18811,98
280,75
19736,60
29077,135
21535,140
43643,220
16840,60
3880,195
39587,195
12785,160
661,400
18329,29
41874,123
17479,70
22476,140
33354,209
1122,89
22527,265
43709,60
3327,60
45255,175
21950,69
15669,136
44709,379
29027,125
44353,370
12721,175
11730,149
6149,225
11851,89
48428,150
8476,106
42605,175
39063,45
1059,189
4245,120
35032,70
43416,49
7924,100
33253,55
27490,85
6988,125
28212,40
46527,124
47633,78
7314,155
30351,43
37874,165
16129,75
32512,125
2481,95
24169,99
36945,250
38021,175
38924,42
26653,70
1842,89
7673,200
26558,199
36156,60
24055,45
19462,335
47395,250
2726,349
17109,220
41496,65
28922,99
3724,110
38819,47
20715,41
41650,95
46135,150
8809,75
920,350
9650,105
23983,45
19600,300
2128,169
48427,77
28752,225
19086,125
21762,100
44030,616
20433,130
38762,459
47148,55
663,129
26011,100
5535,120
4587,350
18675,52
44019,125
4768,225
4589,120
41184,450
22264,70
3918,25
18126,109
28465,195
16970,65
46652,189
41730,180
11854,132
43230,470
38051,59
13343,102
21033,150
43244,72
20563,100
35082,75
27464,75
22719,59
37454,399
45605,200
43351,334
35523,150
42937,525
15537,60
47088,90
47618,115
41863,220
35028,40
43711,60
10055,182
29645,36
47687,180
17530,155
27232,60
33777,109
10775,120
405,125
14984,65
21967,100
36325,90
5174,50
19453,40
9058,250
16458,115
37851,150
41752,199
18810,56
34115,90
2129,249
39214,57
38988,72
14079,45
48417,33
38447,139
24460,100
48333,275
39809,75
6752,124
17249,200
25855,95
18620,133
40347,55
44644,190
4247,200
47871,200
1261,58
19069,139
1459,349
21084,150
34432,125
11480,70
25055,120
8426,50
44777,65
46760,100
17091,75
5861,1000
14019,150
24863,599
3316,135
32637,70
8434,150
24536,159
5056,170
34045,44
32878,21
29308,28
8330,120
2563,95
23220,250
48799,235
43359,135
1989,95
32920,780
17821,83
27484,150
32330,245
5008,145
24798,320
25374,350
12053,120
31019,260
28574,150
32172,50
37034,125
25884,165
2149,119
47688,550
20940,80
6193,165
43665,353
17983,250
31257,95
23711,60
34420,60
31569,99
45503,80
35426,169
23192,350
6242,125
11481,200
30755,600
1801,85
41325,295
10054,147
28780,69
20972,100
18112,98
16813,185
31122,100
12743,100
16030,150
27568,100
26479,90
15582,35
45708,85
10651,75
39757,150
3307,120
17900,62
1509,92
36130,85
9728,100
43423,160
25734,47
8475,110
42634,279
8318,99
30519,120
3211,140
45137,129
41208,300
26512,150
7019,80
654,246
31938,140
27056,195
7162,150
12542,125
45223,150
3049,700
39097,284
28001,55
34493,125
46743,500
15317,159
13194,49
35898,50
40246,70
47052,109
48351,200
243,80
30164,175
30143,123
24326,75
20980,199
16264,125
8824,115
38810,374
26748,295
26719,75
36400,50
9984,64
25042,150
2990,100
20003,250
40953,150
45466,265
40642,77
17703,38
18152,41
14279,50
16213,37
34757,170
16712,99
43905,45
9319,90
20145,49
38791,466
25783,67
39332,200
18264,122
37004,75
17505,100
22576,39
42045,165
28488,42
40261,33
611,135
32845,89
12151,500
6761,55
28313,75
39444,48
8184,135
41878,35
16333,195
26222,150
24454,60
40302,99
22661,39
31744,65
9933,48
4475,78
4838,175
14961,175
27157,60
9197,100
10222,85
37314,45
21511,146
11446,150
8488,84
17247,105
22144,47
11784,55
41060,100
14185,40
858,90
8974,75
3391,100
18383,100
30154,50
1815,190
14645,60
31455,139
28580,215
45884,795
5043,125
6800,72
5598,75
44558,300
12129,75
39606,100
24511,60
35731,175
35215,97
16614,115
20989,95
21697,500
32484,75
16398,75
26954,148
902,299
37304,174
37479,50
24500,170
26665,160
8298,130
30622,45
42376,149
3396,75
47428,195
29115,65
46919,75
44285,50
7344,65
13723,49
14000,89
44783,55
26131,95
46024,120
47049,110
26378,245
5249,185
36033,70
44227,500
1835,60
37365,60
20217,150
39189,55
37422,20
8745,80
9717,80
23998,125
4633,80
34825,120
17850,40
45284,40
42116,300
16097,74
7480,325
38432,120
2085,150
1664,105
18325,175
11855,125
16006,79
32005,42
39206,400
44704,89
42987,49
5618,152
33579,110
48771,130
4807,250
38373,182
516,350
28766,220
10779,125
3807,600
30738,160
7643,99
29517,300
41222,31
19615,176
9629,269
47797,80
33032,41
10769,174
21877,80
46354,96
27107,44
24438,90
795,175
2475,95
31279,70
43345,180
32101,45
7037,89
35425,167
13884,100
35320,99
28203,35
8052,130
4986,99
21495,60
8732,103
20930,80
6602,198
9998,160
45973,88
15143,67
32540,120
42607,520
16361,202
42121,180
17,140
21700,10
32410,170
23286,50
4098,290
33757,21
28530,70
43393,140
17911,175
35992,209
28655,25
21045,75
2204,289
10381,42
31797,157
750,75
46134,100
34572,155
17710,138
24991,152
34088,395
25343,35
19189,80
23629,105
9116,139
45855,225
26920,100
2307,70
40257,39
22465,119
47400,750
28181,140
8095,30
33252,35
16394,80
48510,316
27024,75
41030,70
7587,50
2079,155
43012,39
28263,115
10433,50
36043,280
37845,195
31468,90
1968,125
47500,195
24618,35
16709,375
29360,50
6234,115
19400,78
36437,39
19721,60
41623,42
40460,105
7106,117
9990,150
44026,95
12593,300
18520,125
9346,99
29044,70
980,100
32143,159
27969,350
42650,75
28151,60
7185,144
41980,147
28790,82
8282,129
42388,300
39217,36
26603,47
8784,200
33591,68
37012,185
40395,61
14090,60
35692,70
23144,49
27633,130
10447,250
11060,37
46671,140
6961,230
32477,180
36425,100
26206,125
3302,250
43854,400
8251,100
25315,51
21834,35
31074,60
16937,69
37123,150
38893,179
44780,485
27492,115
14037,97
14271,200
46416,70
40224,72
10036,70
26254,60
34704,36
22882,100
48765,105
8687,69
4071,100
28311,54
45093,150
8957,55
22415,65
1410,80
6134,69
40250,100
9112,59
5073,80
15593,98
47351,30
35816,99
20167,29
38691,276
46012,180
547,190
42892,100
2454,38
12854,90
13705,65
36108,95
11490,299
32434,81
7928,45
5194,95
37811,69
33751,130
39011,75
4759,175
45776,65
9706,185
21021,95
19579,175
40633,199
21965,56
10904,150
43878,24
39088,38
41629,115
17111,70
48543,75
38666,150
4055,90
47958,139
19102,50
20120,59
16273,225
2088,200
44789,70
587,150
44728,100
47363,160
47003,36
4646,89
14725,46
30914,50
39681,70
24384,200
39107,25
43127,160
36046,47
25831,250
26088,100
11543,50
13822,165
28708,135
46017,100
12071,84
24662,48
16262,110
7462,110
40820,285
6766,81
33347,90
8019,115
25205,50
2618,800
24703,190
28977,250
32367,160
32940,100
33606,50
45354,54
35533,56
34339,699
14373,34
28456,250
33724,55
689,495
16087,155
21796,185
23940,180
25228,144
6958,100
6807,42
22921,150
40545,235
6488,150
4330,250
23382,50
1896,495
37013,182
42280,225
11786,60
2130,85
44003,188
30303,200
21756,122
43523,244
15012,110
30619,55
13110,55
28193,100
18249,99
46971,100
15054,200
23512,121
37378,200
39155,550
13690,360
7760,144
25466,86
19336,39
48200,250
664,140
48286,215
47564,40
20274,131
11301,175
37182,200
20874,80
4945,56
18637,48
6771,240
36833,899
34866,60
20158,100
33971,80
24760,33
4178,159
13316,700
47986,100
48493,105
13345,250
10300,250
38784,150
13099,245
38537,120
14777,85
44575,200
47627,250
34602,199
17630,200
9867,140
6525,95
44267,58
4387,179
23454,109
315,250
10185,374
19057,35
47574,50
19893,35
1991,113
20526,40
45380,70
31748,80
24531,40
48270,98
22677,100
28494,50
37094,60
4458,120
21188,79
28684,248
42196,37
40821,170
22798,170
10706,215
269,70
29078,55
43557,100
26310,110
1133,225
7130,100
21478,175
27346,65
31603,75
23971,80
24035,250
25944,496
7499,200
40209,85
26010,45
13758,95
35892,100
42674,285
4840,255
3030,150
36288,240
35724,55
15758,115
38512,85
29361,50
2548,235
48138,149
10798,185
8847,125
11421,200
44960,100
40787,54
46308,208
30897,50
30152,35
5662,125
3457,175
48032,250
28156,550
6247,245
18159,70
3987,90
7680,80
3834,175
22623,200
15627,85
4555,85
35310,250
12464,150
35843,145
19808,164
23642,66
3458,200
5383,299
38476,50
42004,51
18428,45
36105,85
47179,100
11158,80
45691,75
2068,349
14756,229
17337,118
21027,184
31823,30
37204,350
28471,160
24117,155
22968,80
25723,250
47474,379
3587,224
38517,225
10612,185
43939,55
28756,100
34209,47
24416,125
458,90
34431,140
11920,250
34281,150
46350,225
12482,135
13432,140
26520,60
45687,150
45416,195
32843,120
10780,149
19503,85
16549,240
36928,65
7017,795
42059,85
43008,52
35812,100
21707,160
3179,149
34070,30
42293,53
20719,40
29764,80
41729,52
19310,79
48769,70
2001,50
48633,39
4858,150
7956,75
34327,120
8494,78
27847,80
14248,115
36725,49
25559,130
28069,90
849,52
43199,60
1089,210
39479,215
30798,47
24890,75
27120,40
16376,175
35786,325
23959,260
45015,100
4779,150
942,65
17866,150
19074,65
3662,250
10273,120
7479,53
5829,99
31111,100
15193,60
34212,46
38209,66
20931,60
983,350
15433,80
8525,70
1762,82
47754,600
32118,650
59,180
760,88
34437,135
17352,86
30411,40
42993,49
23063,70
31777,147
19180,175
5129,197
37744,101
28819,30
41893,990
39000,150
33146,42
30393,126
44630,200
32350,200
23746,65
45395,99
46891,320
1671,100
16652,77
30809,45
40194,42
25894,60
6960,549
28038,125
2451,220
14551,160
47174,41
30839,249
47621,80
4144,109
9724,50
30111,50
3822,86
18384,180
19734,90
29002,150
29274,40
18379,198
45396,39
21807,120
45716,175
10102,60
22965,150
5785,98
11819,132
29811,39
45195,180
25014,113
23362,55
39211,240
20558,60
2238,225
16118,275
33371,80
10739,75
47523,43
47809,195
4996,90
7907,499
43163,74
7349,110
15355,61
29723,90
39889,100
28446,50
26727,325
2423,103
26303,99
3022,390
28024,80
41211,150
41317,125
32954,90
45054,54
27540,200
9628,35
7412,165
37804,300
47119,99
35952,120
25580,69
40802,175
21384,165
35758,175
8121,90
44888,70
6208,167
34587,160
43243,395
20672,114
1728,69
47862,346
37258,160
8398,155
34397,184
5802,175
40470,60
20708,75
8137,300
44781,110
32161,112
17234,90
35063,239
5028,299
44069,160
37928,40
11241,190
30458,43
10931,125
26398,650
38990,264
37746,45
12074,285
39878,33
9887,95
22569,168
16619,79
18561,75
8037,150
48639,50
44359,120
22572,99
15337,50
38739,285
9649,80
39877,450
34341,737
33426,71
25667,65
9025,40
12009,80
45831,200
45269,36
15963,50
26356,75
9162,160
18756,140
41014,65
16564,110
10585,280
31194,73
35633,70
24720,45
34450,40
2751,390
22281,75
46690,295
45939,175
28470,57
1180,100
13262,113
11863,300
529,65
10371,72
42539,80
46153,160
9475,250
47274,80
34295,50
31309,55
45326,500
30838,179
5006,180
21901,71
18400,149
21675,45
37273,140
30861,48
34603,85
28614,200
6378,175
7642,50
12190,60
46637,71
9460,140
22309,150
24756,55
18578,73
21591,45
14778,145
7128,70
33980,65
9971,150
38390,65
1986,115
43355,64
39287,50
32578,499
2016,150
31182,58
39918,35
32794,83
32683,525
2450,60
12595,95
21626,180
11966,72
47679,125
23212,55
28023,70
34303,360
2463,70
15475,75
26190,78
24795,27
48512,74
14873,165
1969,149
23082,45
39045,595
40173,35
12574,49
41296,185
3173,50
20669,200
17043,120
15871,99
46276,450
603,225
21516,159
38351,303
11737,193
7237,190
35432,100
35653,28
41095,70
39395,120
10576,49
21550,131
27563,300
39935,140
19562,180
41163,55
16422,400
6351,30
9707,89
12794,699
34216,52
27344,65
13881,75
35018,55
16938,30
47349,59
19139,799
20872,135
1711,350
1466,150
17572,95
37705,24
44503,129
10604,200
39216,65
7826,65
4486,100
15351,85
9003,105
32552,100
32413,110
21634,75
43115,88
37366,102
34015,340
6822,145
24276,225
36603,80
38922,63
29966,72
17159,85
7001,225
13842,45
13467,800
13765,80
13133,250
14562,140
39441,59
35931,60
25733,140
38954,725
10774,41
14991,148
15632,135
45307,200
38551,275
39500,120
2645,260
26251,60
16286,250
35132,39
25624,89
20647,45
23320,50
39373,172
27225,250
13164,110
41970,42
9262,85
35282,400
21367,215
37014,500
27777,325
4452,70
34053,95
12580,65
3375,250
37609,150
33175,300
21878,175
10609,90
46967,180
32063,51
20073,131
27475,99
47660,80
17556,33
17676,100
14482,65
43488,65
22258,350
20738,150
44167,690
13771,83
6295,175
44670,179
16792,450
37607,90
15587,299
21806,120
48442,77
39031,180
41743,55
35580,115
43128,99
33028,83
34332,699
7075,90
47938,180
42126,150
1683,50
33555,140
16312,250
34435,100
30028,104
37311,65
19287,77
3663,325
16049,58
5364,250
17943,55
1058,395
46955,145
19126,699
22659,350
2486,181
4810,170
16851,229
27210,35
22272,95
34408,45
29674,49
944,115
28139,149
5172,55
5854,69
25428,139
22457,160
31512,209
15332,77
11684,250
32945,190
12517,79
47605,116
22552,145
17076,167
41571,85
16927,137
32675,65
44484,128
25304,80
7459,75
30073,20
39614,99
31312,65
4519,162
25082,190
39552,75
34519,40
22072,68
44515,395
47356,30
27040,95
1880,500
14819,55
32635,99
46213,299
40228,130
47948,50
31408,47
36953,85
46237,60
29939,45
27763,200
26971,65
5411,130
25192,120
35979,70
21975,160
40172,48
27584,188
25757,65
31847,60
34883,69
15520,285
11112,50
21734,50
22202,50
41373,404
24543,55
12805,125
8660,89
14932,133
39315,85
38835,100
16846,200
22544,60
2706,85
25314,59
30431,68
24317,79
28249,125
40806,65
27677,92
5883,125
25027,35
10406,275
45379,130
23625,350
9079,84
38542,119
32400,200
4955,110
44811,499
27047,110
24986,70
328,349
9668,40
10818,140
28486,129
6097,47
46370,249
48448,99
7437,150
30851,115
44809,280
9234,150
10412,100
5974,160
33276,65
17370,40
48719,62
41431,241
21172,179
5990,230
6346,100
1925,100
46328,100
5605,225
10549,115
40248,110
38793,285
37751,39
19449,70
24393,215
44356,93
42460,50
19040,105
3586,300
41194,45
46065,70
48683,400
31514,101
12813,50
7246,65
34992,124
14169,70
23759,80
27837,120
42763,215
6244,107
37448,55
7415,135
23908,225
29054,365
42064,100
22541,100
12751,70
10426,250
37931,85
54,200
14086,149
6913,190
37563,500
7351,150
10788,140
10761,130
7654,195
28784,65
41599,30
8779,200
10464,50
40908,130
13749,145
3968,160
45765,100
23952,70
40254,308
39261,55
31924,179
8190,129
41111,110
15787,80
4015,165
40463,300
27077,190
38376,292
36069,50
22290,145
29671,50
21230,85
31979,99
8708,49
21479,180
6237,69
33349,99
14618,75
26081,58
9943,80
10510,132
45636,489
21026,54
31546,61
10815,62
3733,89
13703,65
45542,300
6389,140
44696,230
15938,150
3110,130
4910,210
45173,69
9788,64
39710,85
31778,350
16115,49
28595,195
48513,75
47479,80
21158,84
3128,240
7843,58
38186,80
25401,75
37568,48
16722,119
47774,315
6678,149
13249,150
38258,134
36982,175
2506,390
38115,150
15035,198
1540,85
48649,54
24551,125
28548,100
6172,80
4423,115
23548,36
17433,250
48759,50
16771,45
33524,210
17296,75
36530,90
2106,165
3178,70
30682,325
22243,150
44470,95
23990,162
45496,175
44816,58
1081,99
26105,55
26533,70
16865,150
34967,95
37345,65
5997,100
47527,150
15706,76
46214,124
29694,50
37087,120
31811,550
34946,200
38747,282
7620,40
15876,40
43666,115
16435,369
33529,330
29871,140
44275,470
23190,55
13748,45
27930,80
30306,29
42342,90
31601,59
13369,425
44176,185
38361,40
27748,159
18555,180
47453,79
36875,82
29471,34
3967,200
28957,70
29654,50
11509,45
6877,78
45703,268
10492,55
37914,70
3984,180
6541,75
36717,41
34039,180
14660,40
18693,37
13058,85
30511,55
656,100
22426,100
24690,80
39753,116
17364,57
24777,120
45389,28
39194,138
36765,65
9297,125
19607,100
15955,475
5091,65
17484,55
47746,180
2431,200
48468,180
33116,175
39346,125
14614,65
43554,60
23591,36
36517,55
19212,118
20434,585
5462,70
18115,60
12236,60
25398,400
23953,210
27407,44
32402,150
32251,99
12298,149
28332,90
8787,199
35085,140
30343,60
7248,52
35760,33
4430,175
47540,70
22156,250
10660,49
44606,140
2017,120
21664,47
11183,100
42613,73
40378,140
22444,100
34529,470
20467,75
19365,130
38135,70
32479,125
19254,70
2355,1000
11422,40
13226,250
34727,125
12668,100
23489,80
36324,150
19836,61
29572,50
22550,400
46687,90
42654,39
25260,399
358,123
2340,300
6466,235
612,90
48726,278
25670,99
18244,60
25275,68
8971,110
35757,105
19757,80
15827,260
11276,88
264,70
16300,80
29076,45
7490,70
13258,115
32681,95
1472,110
45699,120
21333,45
27775,200
16858,125
20525,71
23585,37
17171,72
41957,150
255,59
39717,125
15399,100
41907,35
31421,69
14998,40
14509,100
30284,39
9002,80
18050,85
16473,225
24463,200
47269,72
33487,40
14494,499
26637,35
21594,56
28659,35
38523,60
41443,300
28587,290
27712,100
16821,100
20350,200
19659,196
12919,140
17330,176
34981,98
13175,330
29136,117
13859,85
35642,48
37389,39
45995,150
28601,250
36207,60
41772,120
33042,75
33863,75
8104,90
23259,85
17419,129
5237,158
11533,140
6522,200
44283,380
27027,300
6116,495
37372,75
30503,53
8285,200
8280,110
48464,55
33441,30
18562,125
41962,106
39,40
24667,90
37681,60
40984,60
12094,49
18322,79
11989,200
7457,115
6588,91
29145,330
7905,75
31147,71
23743,50
20516,125
40702,145
16210,199
48738,50
47998,129
22631,160
40188,55
30592,163
5206,110
23963,85
15010,225
12283,303
2794,40
27277,120
17972,61
1808,349
41864,58
24153,125
34167,151
9476,125
20848,115
43994,49
28555,130
43981,72
37447,68
7704,80
30559,133
36914,188
19292,99
10938,149
4911,80
32986,125
6491,90
32016,170
5667,50
17913,119
13094,100
26797,84
28374,53
18586,55
35228,110
24574,46
47968,150
25913,216
33320,45
25582,125
23310,175
21832,100
10890,130
44750,48
19751,50
26463,60
7560,175
40449,100
25080,95
18016,49
40414,175
30322,225
11839,50
9220,155
41615,50
11098,175
7107,125
25826,275
13786,125
5025,65
29350,75
8472,50
1300,50
6874,500
9159,35
7854,139
33718,70
36301,69
2042,145
48528,350
13928,125
14955,105
17022,167
39881,130
2872,150
2411,65
47441,60
40556,165
28231,70
44510,160
15779,289
8210,141
47064,67
31633,62
1960,176
17073,220
18303,75
18238,249
48107,170
26509,70
17952,170
22781,75
17649,55
21835,35
20660,120
24279,49
20292,110
6231,58
15384,55
41253,100
19592,65
47992,269
31296,120
39665,115
26447,120
5566,85
38139,50
37972,55
42406,135
41430,451
45312,30
48702,110
30117,80
9845,175
9541,120
42701,80
39402,283
28931,150
21393,50
582,55
10452,48
1071,250
22621,150
41412,252
12164,150
17580,45
7261,58
10851,99
37876,299
12072,100
456,200
10840,60
30732,45
32074,69
47286,67
18011,90
45682,75
28315,73
34711,77
43456,89
4432,190
11587,80
48302,200
42827,151
10297,175
28319,100
27884,400
29980,329
33219,75
44937,38
41254,100
30512,47
14055,130
5672,80
7247,50
29933,525
19137,189
38996,125
28979,115
5268,45
22172,337
44024,225
18201,294
12662,280
14910,165
31173,120
13603,199
4702,100
46431,75
41786,75
23218,55
44987,211
22586,850
23922,60
27923,200
27827,75
18204,180
22942,80
8179,300
14762,186
15315,200
21521,28
43682,60
12983,850
47573,225
46772,70
38723,242
33513,149
41488,150
44451,450
47166,35
44008,166
8882,250
13001,60
36051,60
19657,55
42570,65
5284,325
22889,65
23776,69
28807,80
7722,20
33779,125
13565,150
20628,190
25930,100
46437,200
16415,250
77,70
1908,80
34225,54
11492,140
44921,60
18052,95
9672,198
42819,275
29472,65
46137,650
18720,65
20200,146
13699,35
12428,49
6122,160
28783,55
29038,70
21903,61
5927,160
4175,135
47420,48
17878,210
9203,60
21779,195
37456,150
4083,90
20863,60
17872,88
4574,300
43585,75
26957,120
3259,150
41564,200
45375,85
7717,90
10230,65
3641,250
43124,50
46773,340
19890,60
46096,500
31890,125
34665,46
36881,130
9645,95
5427,59
27183,299
16024,100
40213,120
10286,96
1095,200
17351,75
34215,100
1581,120
20466,65
45001,100
22682,199
5325,119
14439,79
29493,60
5843,165
1870,130
41139,50
17519,150
30590,137
46712,90
3079,37
41538,77
30174,125
16832,239
512,75
25630,55
10732,135
29113,80
33447,55
6213,220
23871,250
30785,45
31489,142
44444,70
28046,119
23176,295
1434,71
27332,35
21331,99
27984,150
23741,170
22199,30
48890,70
23567,175
33384,55
36025,60
29392,38
45090,400
2821,188
11235,141
20532,60
18030,65
21702,40
15253,49
29784,169
41199,90
12848,140
34271,80
37512,260
7819,175
26388,55
37581,81
23236,31
30982,40
32049,164
14869,50
24313,58
9276,125
42786,44
41273,48
4117,150
28737,115
7121,70
683,54
40358,140
32307,80
25652,75
17880,57
18054,45
44112,49
7567,50
18184,55
29585,54
27735,150
40074,59
38283,95
34927,158
2495,200
305,250
32913,39
18691,95
7759,165
8160,75
17907,120
40998,99
5973,110
47531,130
30023,45
42997,75
46505,50
6745,100
44159,190
29789,35
40230,45
20961,225
26967,71
48681,198
9875,140
31066,10
14099,100
43301,170
8603,95
43849,189
2994,109
1949,44
4341,151
38499,75
47000,50
37848,200
31207,90
25744,799
16737,54
7842,80
4925,600
2822,90
10124,185
47075,66
17248,150
21066,99
23712,125
34929,58
515,250
4156,65
35762,110
18979,215
8881,89
12253,300
33893,129
29391,108
31905,70
8856,140
34125,70
26132,220
34960,136
39858,160
37243,45
2767,299
17514,45
2157,99
33528,80
40063,500
23418,122
27538,43
45062,340
6764,110
14481,70
33987,125
13700,261
21485,65
34097,55
40580,110
12765,90
18967,99
36594,31
46225,75
23630,225
27694,40
9860,85
24916,145
46439,332
8329,55
31491,225
8749,250
36513,105
2176,130
8722,250
15862,60
37383,110
41501,300
22894,198
2064,140
28100,129
46461,66
20234,60
22137,95
24952,80
29427,23
47355,115
5094,49
31465,225
24208,225
9656,79
3087,81
3703,200
7582,250
2683,171
4740,46
1158,150
3201,83
3588,145
4417,100
19744,65
43893,62
24064,95
41614,61
24284,135
5401,120
13554,75
21846,109
38503,80
22229,95
15289,35
41733,79
25946,100
14803,159
7227,59
29466,85
833,199
42465,220
46451,59
438,95
17503,48
41067,135
12152,115
27682,55
14500,175
1441,145
46180,300
39772,185
48099,85
11765,150
7847,60
42239,175
19929,115
31638,100
42108,100
33680,165
31665,125
29047,120
33838,94
40776,175
39398,228
7633,50
46181,590
48092,70
4171,130
24382,110
39334,172
18515,94
38672,350
7082,85
12568,110
29992,289
17953,110
8119,100
23622,50
42372,180
10291,225
4029,52
37911,119
2396,44
13121,60
10563,75
18797,109
38870,45
10134,150
4999,108
23553,50
35488,109
30516,140
13711,99
3546,120
30383,150
1958,125
29294,100
21136,52
9853,160
6131,170
30032,148
47909,80
21799,125
8431,105
831,199
35354,65
22647,35
19155,33
24912,50
34660,75
41722,120
36272,310
45315,255
23036,222
20904,95
22411,200
14069,37
48051,385
29095,70
20106,85
37853,100
44576,449
25541,215
17526,45
29812,50
48354,70
34886,100
1277,90
40747,120
18482,45
46003,700
9488,295
35803,70
47396,300
37727,119
709,101
23702,40
24650,100
22064,158
20595,100
38753,305
9182,100
43221,235
25659,70
30346,50
33886,200
43589,90
26935,80
31872,33
16280,225
8851,78
25626,400
19550,200
32404,60
16940,40
39813,450
34754,80
8072,45
47071,59
34042,95
22033,75
15105,125
10836,110
27360,65
34803,65
16522,69
10967,50
26395,250
44433,335
32027,97
37148,55
15952,300
46403,450
13540,179
9231,220
1255,59
5149,190
38401,69
34939,120
18739,95
31805,37
25273,80
33047,55
30286,110
42696,150
42315,40
14436,39
1137,100
21463,89
15060,239
14187,140
20346,80
38873,50
19166,100
7243,75
48758,350
1203,350
15785,180
45068,100
42877,200
2870,120
35040,55
27640,60
21924,45
4097,40
8316,65
36853,325
46758,100
13730,113
20726,300
20582,48
22332,95
22945,45
40523,70
30394,100
47081,75
11809,80
27019,125
17381,65
8229,89
32203,400
41059,80
48764,110
31050,70
19878,110
38513,125
48572,35
22999,30
14761,150
17539,75
20477,215
24670,128
30920,50
34561,75
27266,95
4738,125
3351,175
20997,85
41667,110
4886,146
29174,50
21051,60
41268,40
7234,109
339,179
40791,200
38025,100
43164,60
34305,210
33806,58
25641,300
7609,200
18991,175
29858,57
20000,280
5784,75
47614,295
3261,49
34746,450
8831,150
20399,40
48606,75
25999,250
216,195
3387,300
38227,165
1041,70
20162,160
44199,265
13814,120
10783,57
28028,139
29353,105
11792,300
44218,78
32488,65
6401,70
41434,419
37029,280
4252,400
33701,195
43061,295
9573,215
18923,142
41919,300
6593,150
12316,85
7844,100
1789,195
18443,140
1933,120
40922,50
14999,85
32137,186
11707,75
2040,890
46573,145
20490,300
15931,150
721,225
22584,29
12320,50
26275,150
18358,150
38572,210
35759,98
39237,125
33021,70
26111,170
36579,60
35147,85
2188,78
3766,89
19054,135
28276,88
48293,65
11557,590
38561,120
40027,105
37051,62
40428,101
20084,175
29644,450
26927,75
28489,115
41202,67
17414,125
46262,290
45741,200
45936,400
2574,55
47403,135
28647,110
43344,40
30074,40
26283,45
3530,210
21610,78
44549,359
10997,200
7397,75
27176,105
397,39
34620,350
14996,69
15519,150
38295,200
8171,245
46570,500
8340,119
4456,300
39631,37
25302,175
12353,40
20898,75
11442,42
37867,105
6098,175
45234,92
36186,76
16847,33
28658,200
3243,180
8235,75
27617,45
6976,50
6810,60
36104,55
20583,149
10810,130
35714,145
20470,70
28229,100
33994,82
9633,97
11482,88
42557,46
35864,50
37755,110
10023,45
34515,200
20682,399
27774,750
30361,80
16584,149
39473,40
5768,350
45224,240
48730,50
19694,182
37762,455
15069,49
40494,150
653,700
43494,150
4696,180
30478,86
22831,85
12961,150
35872,39
31858,600
37678,700
26003,260
2669,70
35848,145
1818,185
45972,123
44228,74
43340,65
42909,395
37869,100
44700,179
22493,110
11500,82
25920,97
26208,75
35990,300
27573,78
37756,250
42628,35
9901,92
17170,1000
15484,70
24081,175
47112,46
37185,159
17468,105
931,178
11988,100
38006,250
46100,125
26365,41
43107,150
34961,125
40567,80
716,145
37585,95
43959,150
36367,35
39096,150
38443,99
19931,400
5377,95
46588,225
18173,50
36805,59
3704,48
951,94
17282,259
23214,65
42807,75
23535,80
31940,100
19611,180
11399,125
44295,60
47668,300
30523,175
19810,65
34388,350
12701,180
4167,99
27646,105
24704,65
22971,60
28160,51
15796,90
17532,95
18403,80
7002,70
31865,70
36229,95
44052,180
16816,75
24181,25
30911,75
27066,125
26104,49
30952,65
619,325
21388,206
4149,155
39162,45
44033,264
45610,1000
40595,49
15811,51
38602,88
37669,30
43329,350
11293,111
12206,225
39018,43
34912,172
11371,135
41543,89
9847,65
30298,409
21246,190
42448,59
14699,45
2944,38
40906,35
20567,150
3334,86
28724,350
11589,350
26910,121
22809,100
42704,85
11797,180
4859,225
41608,40
24291,175
5413,150
11812,120
12783,100
7547,45
7606,240
48291,35
25964,135
4642,234
46467,109
31608,175
37985,100
42831,120
9412,450
13704,150
46434,177
12176,80
38114,100
27683,175
19014,110
19121,749
43186,155
17807,120
44964,100
47806,250
41303,250
15454,80
13165,30
9711,199
1116,82
14578,50
40786,107
27418,40
34232,285
46368,209
41688,70
26773,253
47308,69
9620,129
42590,150
27446,225
39732,80
12883,199
6270,75
26226,87
39857,69
43965,40
9419,36
585,250
20928,69
6083,90
48826,200
32230,115
14178,99
874,100
37380,330
10074,50
42780,261
33206,108
25561,200
36143,480
27106,119
39454,120
12615,70
43338,35
9574,58
13263,70
37586,48
32277,95
797,240
46735,650
40645,120
40331,450
42198,70
46832,48
38378,60
42830,55
2715,59
41328,45
36509,135
17663,57
37596,175
18065,67
20549,280
16183,180
35495,70
18626,105
9619,150
36162,75
33519,80
34485,51
13038,239
26327,53
25556,100
30980,65
31295,100
14214,76
34650,150
23707,200
43841,140
26564,43
32249,125
3625,99
46508,80
40339,111
36187,299
19524,47
21029,69
4398,125
20770,105
44861,49
1409,85
13219,250
32195,85
26695,165
17637,165
35045,239
24471,115
1565,175
13067,65
37606,120
42374,50
1910,800
28513,179
12522,200
8055,750
7164,150
28182,71
45419,100
29934,104
14073,95
16048,329
20710,30
12273,450
4491,93
30301,80
14687,135
11946,245
40481,55
10496,150
26358,107
37103,345
29987,109
2182,235
12784,24
11031,330
29053,220
7988,77
39684,61
3783,90
30805,171
38853,30
11616,75
37677,399
44508,94
47133,350
47419,249
42327,140
658,150
9212,38
17000,80
23152,130
4672,330
1236,175
33493,150
17737,99
32977,65
14171,250
6982,169
3072,175
22416,100
10015,60
22545,50
4675,45
9817,28
14587,45
3331,175
35448,37
38032,120
2549,225
33425,119
18455,100
33939,175
34124,179
39297,240
40593,39
27182,184
31433,175
42840,37
4302,155
444,75
5338,200
24499,85
35303,200
26560,275
44375,699
12984,85
40,68
33220,60
33704,110
32808,100
20798,45
46034,125
39748,380
38099,85
741,290
579,199
47059,250
37818,32
35810,120
13380,50
38041,155
12897,30
46552,300
6319,249
25993,55
31018,70
13381,220
33218,90
26879,80
21116,65
39303,35
19291,86
25233,350
29405,161
19368,29
25334,200
13306,80
14184,55
3891,75
11867,120
1654,250
43312,65
21309,60
31320,130
39203,79
14392,700
24829,65
9606,55
48386,85
22870,180
4460,115
36489,425
23181,88
44130,59
13577,60
47811,100
29026,112
7734,60
47705,125
41098,36
1616,249
13605,60
13824,150
25539,120
19728,67
8146,276
2181,550
30999,95
31917,95
44848,140
38980,150
19879,119
46402,750
31267,62
10697,96
12845,330
16215,115
14242,50
8157,65
16462,131
43169,135
20216,58
39201,500
46653,275
17666,99
45153,55
792,180
19916,95
34445,120
27432,60
33772,68
31205,60
17438,45
36074,200
17050,90
31356,120
30811,106
12003,161
1847,90
4542,75
22163,150
43735,50
9712,79
5060,95
22588,60
12932,165
15658,40
42805,220
30102,65
22685,72
15569,105
17628,110
7617,180
22153,55
18491,160
2745,345
2679,175
25818,125
29999,45
19958,195
11266,148
36668,215
31691,50
11940,134
38314,675
4370,225
10034,59
31340,70
31724,120
13066,155
27565,100
9605,450
20566,100
7588,100
46980,200
1816,99
154,69
25896,150
44655,85
38903,55
43872,85
15885,80
35080,61
6013,149
3914,110
28923,79
47084,179
2084,53
5363,145
47779,180
44598,25
34054,130
38859,70
44369,220
899,180
42691,150
23902,90
40910,50
4637,350
46603,60
44650,190
17236,50
33565,285
38341,90
4667,288
5518,200
22046,249
363,212
4620,88
17531,120
43600,60
4019,49
186,120
12923,123
25062,40
27315,190
21628,195
7646,225
40426,85
6142,150
14422,250
35271,30
375,90
14970,60
15415,436
32697,131
6225,110
8443,105
14201,30
33017,50
2905,145
41858,47
36402,100
46049,11
13143,45
47701,156
25372,80
1288,250
23233,150
21361,40
14050,83
31258,54
37546,179
3355,55
33556,465
42363,100
16507,104
31750,50
43958,49
15050,80
18549,100
44775,119
6666,105
11584,100
40405,35
22702,150
37021,300
4554,165
22732,175
46964,200
23695,55
21208,170
21166,100
3696,650
40967,60
39730,80
41524,45
26272,47
21993,98
11582,120
39027,19
17734,155
37795,70
38350,90
24273,60
19834,70
1851,69
14043,35
13964,90
33057,40
26188,55
29864,25
39774,252
9462,80
11,85
11093,80
9083,70
18193,270
1454,90
47982,350
42970,210
47828,220
32624,50
10837,360
40011,60
43290,55
2518,125
8740,80
34807,150
23105,120
383,65
943,135
15242,90
45235,75
40760,65
2488,65
32829,50
29336,350
11930,200
22147,160
11680,45
34706,55
1238,250
36473,75
30533,187
16052,88
265,75
16727,97
8427,45
1460,99
48667,158
20484,159
4889,140
45487,50
25241,185
25717,120
47332,159
30131,47
10295,210
29545,200
45513,200
4948,80
13965,283
7733,95
9537,300
16222,55
1786,250
42313,221
45439,100
22286,45
21973,45
6096,195
25362,110
45032,47
14191,80
40798,75
39146,43
23384,225
26508,175
45916,495
41972,100
1429,263
7902,159
3831,95
28866,50
22733,75
28642,85
10684,42
35112,170
16005,77
37282,40
16539,65
675,199
48007,135
24773,49
3756,100
5502,75
7424,52
46059,65
39668,515
11425,124
13,85
6340,41
11931,40
2914,75
27468,40
48102,390
36166,300
11424,166
42067,100
31271,288
40658,60
12644,175
46646,95
1562,100
37865,100
29642,100
35603,149
40717,129
35115,349
21726,31
16282,49
6962,100
39141,75
37638,219
47585,95
22065,89
19501,275
41007,37
22761,96
44744,299
15291,70
20886,35
47242,59
47340,69
35010,42
12397,45
19924,135
3535,79
22847,78
14729,200
33260,65
33480,90
7392,159
28286,475
43187,260
12491,50
42806,195
23171,260
17700,115
19078,130
17702,150
31428,37
8976,50
34200,195
4232,68
22236,99
28419,190
22435,79
36356,50
44101,130
2748,120
38905,300
21782,115
22499,85
11862,175
18598,50
1361,120
580,199
7350,259
34416,204
35583,75
38631,175
32423,69
5561,119
46636,230
47959,345
13831,80
46888,350
44667,159
11460,125
39980,60
10640,65
19755,62
38148,400
35874,200
7518,125
17651,70
7952,118
26094,55
9833,110
37341,860
36102,100
33692,120
11605,165
31056,412
31452,250
3465,151
19665,136
16187,100
28838,33
9188,90
33261,75
20393,37
43004,48
44234,99
29469,100
23678,30
5116,70
8853,155
16576,110
10207,490
42606,42
98,98
22009,129
29173,100
28893,64
6987,1000
28330,80
48807,100
44823,79
13745,110
44109,140
16693,35
1951,95
45736,40
13073,150
5957,285
39505,100
21140,119
30794,65
2,150
16448,219
2861,87
44018,49
28502,112
26557,150
9659,100
28348,300
3289,170
26981,350
11559,51
16664,60
35940,120
31606,99
14594,130
46771,450
25547,115
46478,37
2603,250
15585,300
43767,55
4651,140
37110,200
2399,130
7289,49
18966,110
37979,159
10322,60
1198,96
2578,70
17084,125
40698,140
27287,80
23443,350
36713,75
19792,33
19965,35
13837,160
4552,425
47700,49
41672,60
19247,105
40147,100
19638,49
9100,165
24485,140
9087,55
33000,50
35664,59
10161,47
6862,130
13650,60
18851,86
24492,275
23173,150
13105,220
39451,225
39675,139
32045,48
35205,104
38777,343
20857,200
41846,161
42144,450
32133,65
38828,160
19104,125
37734,75
44943,243
10336,42
14240,100
27900,45
16563,55
40380,225
7824,105
23788,136
12204,90
22078,45
20070,80
10383,160
22117,100
45376,250
2997,555
31544,65
42592,60
821,90
10373,110
20150,44
25393,62
42582,100
26276,99
19983,76
36887,374
39613,120
23065,195
24594,150
44731,100
36863,249
34034,90
10212,800
42721,180
28948,117
26242,75
43785,165
33123,52
17104,125
39749,45
40779,125
20152,209
835,135
42075,100
31632,121
11918,40
25903,89
17648,250
38697,291
41869,50
28514,55
42469,70
17729,55
29208,119
18715,300
32890,189
7050,177
36235,36
6649,42
30006,40
15182,178
13096,250
14110,75
18387,99
47820,49
35643,90
38609,16
37214,250
8297,200
3065,75
41472,234
32780,40
16372,80
44894,100
39150,41
11230,50
48153,150
13739,200
14128,45
10307,220
28921,140
27506,160
35876,220
12679,125
29825,125
16050,60
40008,295
47233,100
32727,120
11402,200
26937,188
46744,489
23799,120
18780,200
35172,180
39176,70
30144,339
44020,123
34585,58
38024,70
852,250
28171,139
7979,52
7941,89
42711,600
9974,50
22389,60
18992,85
20919,75
36618,106
37758,314
15667,65
8191,280
4841,75
19539,48
22800,90
42563,319
43798,65
26299,70
16606,133
29139,61
4490,75
4827,140
41916,70
28435,47
6890,50
35842,30
11420,125
9960,65
14234,75
6140,100
16499,138
46906,200
38306,120
19224,35
13171,85
15740,125
31763,170
34956,275
19380,90
36733,44
7046,50
1477,113
35469,150
12134,210
36168,91
29301,200
40986,60
32301,80
44819,58
7040,60
32946,169
28801,115
8797,100
11067,425
35736,150
45265,400
3311,100
27172,42
46156,135
505,107
381,211
21830,150
34238,165
41982,135
28226,300
6572,70
46051,50
15746,38
9065,105
31045,103
20036,100
17053,199
17631,74
31515,60
35520,48
33552,60
24518,70
42734,40
13558,46
39220,150
23611,100
30972,95
3769,45
16860,100
16246,200
11924,350
18919,168
17062,80
40054,65
25851,130
12950,275
692,98
15518,80
40446,82
33553,142
23661,195
47972,320
43473,65
34905,50
29701,80
11297,180
16125,120
20743,33
23453,60
38322,714
40944,50
3374,200
34770,100
30623,100
14182,87
47642,115
35031,125
26300,90
34405,45
12028,60
30665,135
43017,169
17997,100
36486,90
25118,49
12249,345
20166,45
38920,805
12328,150
43058,127
34772,90
11610,42
20280,45
31765,86
2275,40
4727,100
24640,123
32556,200
37462,100
35989,127
21699,100
31745,450
12862,70
16104,95
42954,75
23096,200
22853,44
9018,285
28841,15
45822,310
13168,79
20795,450
21844,100
11514,50
10016,125
5429,270
25704,100
41031,95
14238,189
5495,89
11853,60
30104,200
48660,60
44774,49
36787,125
47061,70
23727,200
12313,185
38937,65
27311,80
34166,130
5967,120
4569,450
11956,65
39462,175
43508,130
38942,42
5750,72
17306,102
36542,215
36727,45
32160,200
43623,33
48850,159
42420,35
8717,440
46497,75
20062,55
43552,95
33147,70
18879,40
23891,100
44504,60
48482,45
37160,300
48303,50
38665,250
21234,32
27438,60
10643,249
46828,48
3043,175
11047,229
4470,220
15013,117
21825,55
27552,130
1403,180
12772,40
21668,53
5935,100
42212,149
37794,100
45543,195
24923,449
16805,150
3533,129
10665,92
19647,125
411,250
36469,200
16399,142
21633,58
30890,50
26107,275
26754,100
5013,90
24903,180
12951,290
6746,85
30019,325
42256,139
39319,60
20071,65
618,110
1145,225
7438,99
42678,85
31756,150
538,105
35226,58
38011,135
34827,37
5436,117
34530,350
8641,100
17841,155
42441,115
27345,75
23491,100
24746,75
33373,70
688,170
31976,126
47394,300
14100,250
44004,240
29779,110
26142,150
35169,54
29006,249
18656,249
42568,64
24215,44
45970,181
23684,249
38429,90
7268,54
48101,95
3088,65
17361,90
14054,64
7058,50
8390,70
19299,183
33124,156
8350,105
29605,130
16842,239
20655,99
27819,62
38776,481
37388,170
48697,750
18116,100
35192,107
39447,49
37269,170
15544,650
16070,42
43047,50
4199,100
34065,350
14200,35
17328,36
20387,250
6562,70
7449,100
5232,170
37091,117
22611,53
28135,67
16114,160
23836,100
40516,300
26133,99
16777,40
26998,58
10326,70
26692,86
31439,155
20187,800
11018,70
26502,100
22881,100
36436,48
8086,130
30452,95
5584,76
26539,100
37938,65
44338,65
38198,42
35025,185
11146,495
35963,200
3408,100
18538,170
37010,70
38046,115
15710,200
3521,560
41705,200
17727,32
2353,109
19157,534
14750,119
44835,65
33681,170
36163,40
31241,79
25636,85
10083,200
17047,90
27982,150
48087,119
45490,50
11657,150
19662,100
17635,90
30133,67
28358,120
10204,70
10887,50
33302,195
41592,130
13523,50
2839,250
13492,125
21715,70
4517,125
29347,95
20194,113
6835,120
10669,120
21236,130
38155,209
28511,45
17444,49
21410,55
17595,95
8681,125
5975,215
27140,150
1787,465
39920,150
19005,80
44708,160
19977,95
41641,133
38113,195
42457,100
43777,160
47534,160
1109,165
24275,129
25003,275
11523,55
11196,119
16362,60
23855,124
28781,150
39708,60
6652,90
19859,203
923,89
34425,320
10731,240
5324,150
35435,65
28274,120
10090,55
12337,126
14818,89
26240,29
1975,65
16037,145
8575,80
46849,100
4285,100
2838,45
2942,215
26666,95
7418,85
34434,73
35743,84
37262,150
46607,180
138,125
34032,47
9955,190
33841,55
23437,65
30191,40
31460,68
45435,100
46194,350
21091,500
8405,110
45033,79
21023,70
48370,150
25330,149
38119,307
16977,65
17735,22
8818,86
28323,70
40396,90
20819,999
10392,140
23091,150
21424,89
20206,94
20320,90
46053,140
4876,144
36388,70
42898,165
44435,89
8291,399
12035,139
19207,550
16242,40
38794,271
39705,120
20354,300
25348,130
21813,75
24446,45
5656,100
47953,40
24472,60
7093,115
22349,250
28458,51
46865,99
19167,49
36127,100
17837,50
48792,80
46278,500
9016,154
3304,100
26245,125
3792,800
40387,65
20880,225
39518,125
3490,100
34120,65
21276,135
43390,34
1826,65
45430,57
42128,302
47203,90
34474,200
45563,200
15973,149
29117,60
8120,50
29205,80
13626,180
18510,225
15014,78
11806,85
18335,154
17501,48
20804,119
27113,150
29548,75
9044,100
26229,260
6473,225
6462,64
8761,75
15997,180
30662,175
12926,80
46424,95
25184,55
21152,195
44187,54
37823,132
4826,47
21954,125
32018,300
8812,89
13598,119
33639,125
22056,65
3779,150
26890,115
16149,80
47392,97
23,110
37209,90
33239,250
36381,35
36792,45
40373,135
5709,47
43715,60
19685,105
34234,140
15570,45
37707,349
42090,220
23406,200
36917,300
17581,140
45715,89
27404,54
43920,65
37111,140
4415,66
38235,299
1524,155
13614,85
41370,240
26033,50
43990,120
44278,40
8646,140
379,85
46850,900
31669,650
13401,50
9727,165
16814,165
30984,325
11649,210
21022,220
37337,139
11274,245
22161,250
18495,35
33852,250
37553,110
48699,99
10935,99
35295,80
11228,200
48095,69
37250,25
3348,120
18697,227
32128,100
7451,298
29100,160
1895,349
1285,121
43140,80
26273,134
40632,125
4820,70
40860,48
29499,25
9228,80
45593,25
33416,55
46724,100
41471,231
7700,120
18552,50
15097,170
41371,132
1839,60
40071,200
24677,60
32984,100
15445,40
11396,80
13361,35
45895,300
1887,63
31656,79
23523,95
23274,51
20357,150
46739,250
22090,95
29903,115
15104,175
16474,79
41347,250
12753,240
16989,100
768,165
16978,65
3410,98
33826,90
42005,45
23793,130
3991,199
29056,59
30059,92
46399,55
14081,75
48327,120
44716,115
22777,93
38543,90
12550,150
1717,150
33660,84
24209,75
21237,249
1257,150
22037,43
16251,170
16112,225
14511,55
34248,100
41376,235
48798,140
48194,157
38001,62
9741,75
2500,240
35195,123
27968,95
32882,37
868,75
9293,44
9691,100
47556,101
12821,60
13454,37
30129,80
34682,106
23431,50
5786,199
12177,80
4743,80
15422,94
10539,118
9915,50
2615,131
32599,100
47375,140
19876,900
30027,37
26422,100
4946,60
31427,80
19972,150
31696,90
4541,67
38956,350
34452,65
14757,350
7855,50
40001,45
18946,249
33065,75
48675,225
20613,79
35988,63
46475,210
42431,65
10870,82
27299,230
44348,99
7850,499
7051,150
10871,59
1436,79
45991,200
21776,169
575,100
19103,150
17075,250
36580,89
3402,250
10170,75
9398,130
8064,150
1362,500
27026,125
20769,375
11356,225
28482,65
38995,185
15028,145
32736,45
38594,180
26295,120
40125,80
43970,69
38805,245
19050,249
42010,65
18651,75
3081,53
25503,75
18189,200
48880,120
35328,80
46168,210
29891,148
48307,50
2867,150
1597,129
40489,247
48350,167
21433,120
8656,88
24003,250
29950,42
12670,200
22388,50
46525,78
27125,128
47469,50
42480,64
8788,49
3915,500
17871,120
4819,180
46298,945
11700,95
33328,229
46697,289
33212,99
303,65
28070,150
12969,120
20360,70
9327,125
1798,79
44579,298
20791,77
34011,104
15696,119
36831,130
11759,47
9864,125
48240,220
8536,145
41545,170
9958,199
43349,39
21775,195
43445,219
33506,150
29655,150
29535,155
36687,125
3557,379
45856,175
18421,100
35985,500
17699,99
42360,160
28750,42
48292,80
13173,140
46920,35
42663,82
16495,79
38540,95
28689,277
31450,60
6178,80
9338,97
47703,269
21233,125
23242,130
26949,200
28257,130
46585,550
35545,250
12399,299
15163,40
39360,140
13627,70
3640,150
45644,300
31640,200
41668,750
24379,100
24610,68
23845,350
3926,79
45040,60
31879,150
9569,64
15724,59
10954,59
28138,160
27412,128
36339,270
34683,59
5031,100
24634,60
13572,175
12672,35
6272,150
27137,125
12830,200
5093,175
4693,160
48449,190
35142,100
33082,89
42860,165
4204,265
45018,100
46261,209
10240,75
24044,225
12223,225
28986,100
2957,96
29803,159
43861,36
10500,130
24807,176
42424,100
13166,50
20259,175
37814,120
25542,250
24281,400
5694,125
892,120
45807,239
6156,275
21257,195
48503,65
616,179
48036,120
9031,75
24699,125
29591,45
9985,175
14672,110
10407,135
2019,175
9352,150
5827,98
16199,75
8128,85
15106,200
8047,90
2605,199
40287,115
39093,90
7737,275
8077,60
4864,264
35708,80
33399,125
28198,245
25497,85
24857,100
17940,250
25530,340
30403,70
32163,209
12196,70
22513,200
41590,60
9447,200
28447,399
25625,265
20966,65
42102,42
29795,170
14398,200
21054,46
5599,250
13557,71
24344,85
29433,450
15909,375
29248,48
9224,120
35017,50
17770,40
24028,185
15169,369
11184,90
23494,80
38617,35
36729,99
21812,110
756,150
32374,68
14913,110
22574,145
8391,88
23744,79
341,139
40591,45
218,140
35738,68
39891,150
3670,900
29333,250
34904,120
10959,250
19660,69
16611,80
13529,250
4956,500
44105,200
2086,179
31628,55
47835,88
40026,60
40817,100
34379,245
24627,145
12449,70
32296,50
16759,95
5035,75
34274,53
11232,50
45283,255
10136,289
468,75
9473,200
3579,200
46791,88
46809,58
17417,200
37627,107
24319,50
30344,60
33788,105
34399,87
36217,200
26532,180
37690,75
34328,162
2888,135
37564,55
30454,278
24590,33
8444,130
8345,100
39911,37
5980,60
37166,225
9092,999
47197,75
47991,180
30309,240
5359,151
42957,295
17870,199
20027,198
35737,100
19565,75
41992,376
5227,120
22693,46
21143,25
43303,125
13477,60
1841,121
36028,180
48790,45
2784,108
1080,65
25452,58
17311,55
3184,70
21293,85
41451,241
43977,50
43501,140
30473,135
7981,49
29151,190
45034,179
16029,198
45706,150
16009,170
15462,75
12303,150
42808,310
8180,249
1972,125
30128,50
25879,173
40934,32
10551,64
13799,120
39377,180
2093,50
17774,45
30,50
9957,79
43687,85
33803,39
3283,499
32325,100
43138,350
11827,50
39178,90
18857,85
3818,305
15790,55
21036,75
6945,100
33568,100
6990,72
21040,220
39113,102
338,225
4874,175
20080,85
2456,200
39056,105
36019,89
16141,40
27952,70
46122,150
11125,89
18959,90
5066,159
38677,285
1252,230
13654,165
41627,43
45488,479
26009,62
36608,150
83,130
26667,190
47457,450
41088,50
45579,250
47804,105
30428,305
46513,42
5862,120
9729,85
43104,200
44057,59
20816,38
38382,99
15949,41
14807,81
6402,70
20055,75
35253,80
40547,100
13567,210
5719,79
35418,119
21588,80
47020,35
17435,121
14705,90
27749,99
6985,148
34858,112
26839,55
20545,325
48648,101
40249,216
36701,41
9218,50
12686,50
10209,135
12586,160
1832,57
22846,50
44393,199
11167,55
31636,52
36505,100
29397,30
38932,180
8073,109
10342,60
40435,65
22035,161
38126,129
28761,35
44121,180
8946,250
8783,60
12799,98
25048,75
21078,130
24768,200
12736,115
7022,75
32490,36
23039,44
35546,89
42991,110
4583,151
7059,165
40548,92
21703,80
9726,215
21194,80
15979,179
36406,249
41803,285
10065,115
9715,360
8960,125
45589,499
17245,200
20505,117
2082,85
39213,35
34406,45
34066,225
2224,75
40696,65
42932,72
9937,55
44361,129
7038,80
27374,125
17568,40
6458,70
2146,349
37994,255
45272,91
34343,737
18565,750
11599,125
14943,195
15671,55
4041,75
799,385
18417,65
8232,100
48319,80
29394,800
29311,100
16725,48
42897,160
25266,60
842,55
24826,60
1523,198
30973,80
10801,175
36200,80
5594,65
46050,80
17927,50
35027,45
21504,170
12960,125
6228,65
12336,60
48416,29
47157,75
32021,46
26165,200
19032,100
35634,149
21503,110
24353,55
9480,90
38160,75
26039,100
16081,177
10358,115
23252,89
7470,99
30105,60
45550,55
37428,200
11993,144
15374,40
24034,80
28180,30
37701,129
23596,70
31622,120
32335,40
14340,138
46186,100
26572,110
35622,197
20968,41
32004,40
27055,80
78,95
747,34
24235,145
37509,100
42698,95
4078,150
14992,133
42828,275
46600,80
2601,70
40854,45
41588,158
32989,179
31372,110
44512,132
4216,59
20528,47
13389,98
31186,47
28391,65
3258,249
17891,45
8924,85
41131,58
31204,275
38654,75
24827,110
25364,130
21047,100
24723,50
17512,150
1593,95
44821,99
45722,137
36017,120
6260,239
42466,165
20835,195
22062,55
24119,40
32291,799
33685,50
21085,200
22734,180
6281,225
43713,250
38717,312
38277,65
30513,250
1677,80
9020,90
21753,200
1357,77
14694,45
1639,170
46970,50
35906,150
1084,65
45911,200
38528,60
7845,175
11186,75
27250,100
39333,165
31725,35
39024,42
44797,300
20609,499
41645,57
1657,89
44983,100
1914,36
1814,49
35513,50
18864,55
38759,245
33996,146
39743,179
45035,150
5318,225
25779,100
10989,140
18439,85
12469,85
10946,250
22878,40
43982,98
40739,75
33006,60
16928,165
22850,205
12070,36
35569,40
20597,65
29523,189
14972,45
15916,150
9551,70
47122,180
19225,125
41209,189
18089,100
24915,110
27897,80
37558,250
15429,220
1343,75
30209,165
31610,55
35473,95
35536,95
29239,75
34973,52
40237,150
20424,425
5753,200
36371,110
5788,110
5247,39
5509,115
9782,70
23854,40
4292,650
8156,120
43599,199
47439,85
13325,89
43938,130
31481,150
39558,24
12502,100
23603,130
9819,85
21458,129
32510,125
27594,70
47546,190
2331,90
26138,150
3813,900
42035,70
25936,175
41584,999
25738,188
31369,123
42496,200
13731,35
38271,49
17708,69
11957,75
23875,352
41465,50
14512,40
32480,50
45129,55
20695,150
48436,45
13251,26
6891,68
26360,60
46217,109
28440,300
24024,52
39600,185
18331,229
47223,50
38206,120
11002,62
3439,80
22036,45
10714,80
31377,55
12728,63
4937,170
40129,70
44286,300
38217,70
32500,200
41600,650
24429,63
44685,200
24659,65
21423,600
31133,55
26537,50
39323,175
13856,65
40797,150
2393,80
29512,80
23886,278
30314,159
12945,45
8613,250
15501,85
13204,49
2930,50
4712,150
38866,90
11703,189
21271,170
46801,88
29064,1000
11618,79
3893,62
17192,70
16900,120
27940,300
8621,89
9310,100
543,75
44756,200
31411,45
26060,50
3871,155
9708,67
23683,37
33570,125
21184,120
31099,500
15964,35
2364,129
2384,160
24294,54
3165,32
14612,150
6004,55
28611,115
41145,150
15507,195
20372,525
51,151
27267,123
17256,60
32483,150
36671,150
14665,110
236,92
1254,102
36303,75
8999,59
34428,187
36490,90
29770,195
21121,125
48355,120
17836,90
11198,400
2055,75
48313,180
40782,167
36424,300
48555,250
45480,123
25544,181
14323,235
27306,94
37932,100
43031,169
37655,90
3230,130
17887,822
11496,55
38852,60
14057,200
42953,47
6429,70
35894,26
12597,47
6396,450
13595,180
7375,45
30061,200
24099,119
42697,46
34477,300
38242,275
29446,120
24643,105
18707,105
361,130
44792,145
33671,25
37125,240
48059,210
26100,59
43240,171
35975,199
47724,275
44402,159
34014,250
10616,70
34381,132
3506,94
37425,143
31196,200
32598,60
8178,140
19499,175
14838,49
48487,300
48576,120
22818,60
31164,52
37022,150
27873,45
18711,120
27539,175
28895,135
7992,80
33610,80
17579,700
27198,25
39917,99
25181,50
44061,120
16350,45
48002,225
30921,44
11143,40
29756,86
7858,250
14429,65
9825,120
44479,100
2940,200
27317,69
24303,250
43044,250
38939,27
25143,150
28904,109
44488,38
43537,90
10219,63
41424,185
18654,95
14871,145
37589,200
19481,199
4138,53
40092,115
15124,200
43904,40
2887,31
4026,99
34554,100
38710,263
44485,120
12245,275
7961,110
37437,50
27062,100
35637,65
36365,249
10351,160
25614,150
37852,90
5846,39
33620,150
34090,200
3528,120
23372,43
5235,99
1604,70
7645,165
10264,400
34497,80
12083,200
14740,133
19227,150
29717,120
45789,40
8640,135
9818,120
44211,28
29258,99
12741,159
13396,60
12750,65
33004,350
44752,75
47289,25
33802,120
43096,95
39445,500
34625,100
879,89
25924,100
3516,275
11826,300
23647,250
3240,750
15472,85
43843,34
44908,70
990,90
16903,105
3717,40
3685,45
47749,50
29541,170
46641,342
27127,85
38695,297
6939,75
40973,60
11532,150
29068,110
46651,75
9720,70
17263,250
14195,162
42949,60
24922,43
19042,70
23538,140
46320,150
8399,170
11887,80
8074,95
21239,40
17863,85
36080,46
8834,39
8281,250
36736,150
12886,125
29309,101
34163,80
33566,82
4760,97
2113,75
40994,44
6318,350
32190,86
33765,40
10817,40
38845,115
2136,130
14779,29
13712,160
30290,139
23485,179
31821,104
21841,75
6714,35
26501,225
28004,160
39277,220
39822,40
15281,51
31504,73
5645,100
22674,120
14656,95
31584,150
24529,150
37657,200
27870,400
13471,65
33851,145
38424,150
28500,65
11688,120
44824,299
6568,110
19022,188
20288,30
15067,140
43519,149
37026,169
6499,150
9451,100
39051,265
36071,50
47659,80
41978,60
31867,175
43834,92
40208,205
14585,165
16219,52
21865,109
48746,245
22125,105
1558,100
28016,80
26731,78
30406,80
47113,38
31283,75
703,50
16740,150
6035,49
7399,85
16661,49
30470,60
3048,150
35321,55
23400,220
1112,145
18312,85
6980,65
14766,250
10924,85
19564,160
36878,250
43573,65
28485,175
20209,110
21570,100
22244,85
28835,90
28944,120
38406,40
8947,150
17480,175
22020,90
46990,100
19567,119
42843,65
39659,60
13003,50
40120,99
24615,108
5850,125
25036,100
9178,130
22340,208
48004,44
32218,100
26675,133
45132,70
34024,425
25352,45
11445,189
37877,99
26153,75
46282,165
15457,197
17069,210
31405,200
28338,115
47666,65
8922,200
23226,250
10765,170
11000,90
17606,130
35723,180
16313,100
39151,125
32354,60
47613,165
22966,48
42710,130
25020,71
29102,110
31473,125
27876,300
22408,125
39641,160
14711,80
34457,80
13214,250
26290,140
30034,173
40969,60
21190,55
20302,120
18177,200
8252,95
1458,95
29282,399
46882,200
14328,200
14570,250
18589,35
32010,50
34147,93
10977,40
21849,160
3565,60
9406,66
45598,60
4326,120
14148,175
45011,100
13675,250
26980,29
17016,98
11796,120
16335,71
39030,243
37367,93
20826,175
3763,150
39913,370
40308,105
38634,119
14472,190
37043,239
10635,200
30905,175
45507,115
20170,225
3643,49
36001,237
15362,69
42140,130
1211,150
20955,125
41477,201
25179,199
3262,90
17638,75
24470,200
19530,71
13734,200
34933,185
8376,125
47696,65
14137,40
29495,25
30625,81
4288,150
19837,120
4301,100
40018,100
14324,75
6763,150
28995,87
15705,69
24364,325
45294,210
15489,169
14083,75
34325,120
27610,400
16111,120
45232,70
413,64
37927,99
47168,220
3170,149
46796,89
40625,121
3436,100
12395,500
41450,248
24104,200
12403,49
40408,100
18625,295
48277,250
18101,98
25687,449
39293,100
47232,111
7199,120
47920,120
44382,86
734,199
3616,80
15678,100
38078,60
16174,50
45955,202
24606,70
7257,120
5756,900
32076,50
36636,275
40171,48
31749,165
48119,583
12262,335
37515,135
33025,70
39472,55
26187,53
2701,150
2516,190
3960,102
38072,68
46279,175
19043,90
869,75
8850,270
34634,150
26031,42
23312,148
5741,150
22134,235
28913,55
5120,100
15528,159
19198,125
48652,57
24229,50
19585,120
11597,229
41380,258
48257,33
36893,200
28248,50
25531,170
42767,85
9192,139
35470,134
8639,80
12558,89
30964,115
28283,150
5807,250
37495,85
44014,790
38264,49
44443,204
26563,180
3824,86
19817,57
41023,199
30097,75
4133,40
15532,65
43183,120
45997,185
21220,995
37773,233
3809,250
8634,139
19230,75
23705,150
34106,87
40072,60
23325,40
25877,175
19970,49
12101,100
29335,60
17300,175
34666,68
36362,60
7447,125
2732,179
46752,85
19455,80
42610,175
18647,50
911,80
27673,67
48602,65
28533,45
4539,195
12227,80
19595,130
28145,85
4054,90
11015,220
41270,53
26885,200
47180,90
25350,59
21270,91
30933,155
41666,60
14957,348
32820,45
13452,350
32050,90
6670,600
4875,179
12759,130
34449,50
36159,99
27093,589
21130,74
17769,69
39929,60
23519,350
22834,200
42851,85
41372,130
23023,185
30197,172
27768,65
37315,120
22106,250
8669,300
42856,135
29691,110
38683,334
1860,100
17517,60
677,199
43914,99
5996,169
22133,110
3000,199
47293,39
5814,150
9848,69
3156,225
25424,219
22152,100
6347,130
13811,250
6209,205
38614,32
46002,75
13865,275
11474,39
11484,75
11082,131
23620,65
4927,273
28166,55
3802,73
3445,75
9701,60
2760,66
26481,55
45113,299
28402,200
22383,199
11941,60
31476,125
48662,66
46316,500
35399,175
43696,78
33995,45
48806,140
2988,123
22697,145
9377,64
32684,102
21794,81
30030,80
44939,175
11417,175
28262,107
16553,120
38127,99
34401,87
20033,80
46799,600
25439,65
32287,125
17063,161
33101,350
6922,180
41518,195
47386,160
48330,85
30177,68
21354,45
24290,50
23962,85
32066,160
13104,139
45502,28
29553,135
42965,595
47498,75
2718,120
22778,159
29754,32
41809,150
34192,149
19630,95
38453,50
25119,60
14565,131
40921,65
42729,50
40046,35
787,90
21757,85
2881,130
25021,89
45626,129
30711,120
39744,119
20734,60
16819,150
22213,250
8304,350
15378,339
39218,150
48600,100
48848,180
18453,200
41132,309
16082,158
39503,99
19391,120
12655,210
30886,150
8085,175
1314,120
22260,150
44111,60
32286,100
29399,175
7200,150
31583,80
11548,65
27871,160
8895,100
9757,125
19064,60
20540,129
9275,80
24017,94
45482,90
48537,275
23500,45
23835,70
5298,76
9560,130
29746,139
1601,99
771,85
11129,239
1733,100
16478,50
2660,120
30326,60
40546,40
40351,200
44317,250
4896,80
44093,100
34228,34
8746,275
22044,49
46541,199
33466,170
2323,300
3318,350
40861,150
29478,416
5375,104
31470,148
40483,100
20650,89
48701,45
12269,150
46280,88
2003,140
6859,165
3356,117
36795,135
10607,165
374,165
20531,60
42659,129
24569,67
38236,345
8965,300
19735,178
35108,130
41594,100
21338,35
28487,87
1215,82
38003,180
22949,215
36828,47
36850,200
47946,168
553,150
12952,300
34876,55
12762,70
40220,200
17573,199
23376,35
24217,89
35604,75
35268,75
41311,98
4737,200
5361,110
41760,99
19920,160
16080,63
31067,69
21089,99
33973,125
3202,120
2065,124
22097,71
25332,40
12088,79
2938,75
8491,80
33027,59
26658,150
7699,90
15971,40
30508,250
44221,256
40256,187
1348,54
31971,139
39819,32
5674,86
6638,100
15957,50
46318,35
18247,95
27939,51
18371,139
33235,40
7270,250
27471,60
36421,56
26881,80
20468,55
15450,65
45554,60
21660,135
26277,70
5860,100
11816,65
35004,60
42865,794
71,230
5730,95
3121,95
17481,110
40902,90
37679,199
47647,115
28291,75
13948,135
47639,150
39573,130
11662,48
13437,60
4744,120
3344,225
7577,195
10933,110
149,44
19296,100
30442,250
24330,298
47416,45
40259,75
9577,78
14454,65
34674,175
29682,50
41995,230
19132,50
9494,450
20509,450
45048,65
22274,65
20593,80
45228,70
25768,149
29846,69
24109,60
39536,160
28025,40
37766,300
31342,179
42194,44
819,120
11307,140
18490,80
42936,200
16142,100
12661,95
8070,105
160,69
13305,51
15200,55
14577,170
38133,98
27436,150
17757,60
45783,70
33602,178
11734,300
33035,70
23120,55
4818,750
8275,35
44543,60
24402,110
31496,75
9155,350
33604,139
36570,95
1608,200
13686,69
34006,250
2225,195
514,99
14170,100
35796,59
25685,100
33599,197
48141,39
45316,250
44713,98
1414,1000
18512,55
19797,48
26230,121
23849,60
30600,400
16044,77
19675,200
3864,200
40694,25
9769,87
27178,175
17647,100
39003,261
19999,50
5088,81
4989,150
32035,162
15819,100
32835,160
17098,62
4287,44
19986,110
21346,85
27728,159
2197,125
7055,125
1028,325
16506,47
7592,225
48430,125
15974,67
27195,65
7576,118
46512,52
21568,260
21419,135
3693,75
6024,100
17038,105
48012,240
13148,500
23044,275
19388,40
37645,55
16432,179
14591,250
14443,40
48506,129
20888,159
10561,50
42136,42
24272,499
46323,150
31073,148
4480,220
36646,70
36107,225
3288,120
36041,99
17968,159
20451,151
27059,250
3227,45
27214,160
46536,249
23609,99
35935,249
3341,90
41683,133
20601,132
41383,231
9227,80
45872,170
41361,150
14517,135
48559,321
36625,185
38868,200
46055,395
25666,35
45074,100
40685,85
7137,75
17829,104
37410,55
29658,180
5704,219
5572,149
11625,200
14700,185
17660,110
45818,300
36614,39
10992,50
8542,49
5442,70
35332,35
11145,40
48751,250
25219,150
33449,90
36184,38
13619,105
22170,142
9428,500
40518,200
2232,120
20201,150
4159,130
47596,225
33984,70
12232,175
32682,305
31537,119
39361,49
12633,62
15660,195
44891,150
23561,300
9502,200
47451,380
33312,449
8909,69
16931,95
6655,130
27090,97
46069,255
30113,80
18695,67
28334,51
47446,90
26627,181
41698,175
15231,111
48290,122
35382,245
16281,190
29200,120
1350,110
24506,70
17895,64
1273,500
27662,75
34780,200
4528,64
41914,99
27592,135
42587,160
14158,120
6267,125
42973,109
36078,65
6760,49
28635,43
18954,40
13033,239
20411,80
13568,115
23303,250
29853,140
25711,300
8215,90
37260,98
33250,142
38599,300
25177,65
9835,75
4795,49
249,36
15763,40
30134,60
12475,89
43375,35
27723,73
43859,35
27883,400
33113,45
7675,150
35338,298
42776,250
35996,355
1884,235
2496,75
43410,289
8465,40
29051,150
40191,65
16945,69
38070,50
30624,175
24843,246
14235,95
46624,235
6581,250
35591,215
37271,150
38478,55
2913,350
33948,95
11711,110
34377,250
44215,120
37780,505
44411,182
25265,70
235,125
46101,200
36219,60
13621,70
11971,99
9504,120
43625,70
6186,90
5064,159
5759,92
28805,79
41452,390
29492,45
20315,60
34589,140
43847,130
10649,115
35034,65
35176,55
24347,250
3266,151
10613,100
11790,500
40872,65
222,239
39784,45
23996,75
27516,125
10064,79
36405,110
9874,250
36199,145
24794,225
48860,145
41084,60
36136,295
24943,140
1504,65
40409,114
26865,70
14103,295
28385,125
44440,22
28886,80
44580,75
45436,190
30299,60
11086,100
34971,110
6241,80
32539,130
37719,225
48704,107
24337,160
47450,399
40324,75
36685,39
48244,65
6640,110
8169,16
28707,38
14948,245
16154,45
37934,50
11622,200
43038,90
13970,45
31755,85
14967,62
18842,40
21473,93
27958,398
3919,220
16736,60
5773,73
35463,140
27693,150
24158,278
43561,150
45696,155
37668,200
23811,149
30042,84
1973,68
15923,145
26396,125
10385,89
47635,60
42148,60
46267,250
34442,55
41620,28
39012,99
47234,265
21632,149
24844,150
38165,120
39963,189
15725,40
26729,45
36635,79
43497,68
9498,70
39511,100
31120,394
29690,110
48252,75
34857,197
33895,80
41012,80
43331,200
9029,195
45182,75
33819,102
39688,99
14881,54
18179,200
46612,279
28972,38
45372,350
22987,40
35685,263
5780,110
9109,85
22867,175
38949,75
5107,75
20430,140
3271,69
21081,150
9390,375
32639,25
480,250
636,55
6570,300
20639,264
8403,125
18102,100
16943,49
2815,100
37461,100
26769,35
15575,100
30656,199
5349,60
48314,80
23193,100
43297,110
40964,267
26321,75
21490,150
41354,69
23981,139
6410,60
13679,135
28704,150
7239,160
15814,84
10821,70
15851,145
42544,75
44589,120
6548,250
45443,98
6885,90
11038,62
16233,199
32563,500
34491,375
28930,75
1634,125
23621,100
16211,238
33007,209
10187,94
37285,200
20462,58
21144,35
21949,125
17930,50
33407,99
45985,360
46321,300
36397,73
5762,350
14927,50
39873,99
32332,45
1571,175
35846,65
3554,325
21298,150
4395,60
20192,135
34856,60
927,100
40666,95
26982,120
5244,150
25420,106
26330,195
15521,70
3042,60
33002,76
29873,100
12240,150
47906,150
28597,69
1172,79
761,60
11372,125
30965,620
3197,350
7504,400
38094,200
32592,170
2898,139
25897,150
7813,209
832,199
23101,135
17492,85
42740,199
185,90
17938,240
14102,149
17548,57
33243,30
28350,88
33646,148
25167,135
30398,90
17304,177
13228,115
24362,150
12040,296
39268,120
4778,285
15436,48
7744,125
70,225
48160,145
38221,63
22058,99
16036,219
46312,165
5203,100
40475,45
36048,65
47085,132
20651,50
17380,110
10113,210
39766,1000
820,70
3451,599
31614,215
48461,330
6194,45
24678,175
8556,60
47530,70
6486,70
32935,100
1234,265
534,43
31378,130
30658,45
37978,600
27792,499
21889,160
23785,102
1037,275
14944,99
19386,115
18281,425
6380,69
14490,112
40810,200
5936,123
35541,120
41398,282
41834,75
16612,299
25441,70
16258,175
1517,250
24816,250
18650,60
38081,150
28035,160
44271,125
7558,45
4984,225
227,120
26891,135
43430,40
12917,60
20359,38
28346,58
4765,225
37742,50
22982,150
40038,60
7238,160
5828,140
28890,75
18014,58
45095,100
47905,100
30492,70
2989,200
18449,160
22924,70
935,77
19385,70
40733,45
35654,55
8712,52
30867,339
23970,65
8441,105
1684,390
6968,120
12293,80
15000,65
11706,295
43809,100
46174,39
29560,97
40830,135
2673,70
41552,89
46092,30
35629,345
4500,126
45446,50
36171,43
19170,130
1115,115
22098,70
17439,65
38033,115
29969,250
33304,79
3272,150
39119,90
36470,65
21744,78
35353,50
21852,63
31991,75
18719,27
20097,69
6158,55
3873,60
509,199
22562,70
34642,49
1425,200
38533,499
32320,150
17384,111
4922,125
30977,100
10552,140
6227,150
29349,75
2948,120
37674,129
37580,74
2995,159
9104,125
21363,200
23564,100
40225,75
15326,150
23328,254
18133,110
46234,499
19428,99
17955,70
5779,115
33574,199
14227,125
5911,160
15068,105
5469,115
14155,195
44467,199
18079,90
25805,65
28965,45
21358,118
41251,699
7067,83
21487,53
10183,80
9880,700
15219,91
30338,175
40453,120
40235,90
38960,50
9422,450
46959,249
22110,170
3930,100
35255,43
30438,50
40683,80
4847,215
4426,165
32781,107
35511,180
20851,137
19690,146
47276,100
43961,60
41461,218
3459,100
47834,290
19443,85
32898,375
39453,600
14607,89
42118,45
2101,97
21929,255
17571,44
7440,75
13042,50
15665,75
31599,200
21018,100
30479,130
1121,89
19007,60
46008,75
28666,90
27850,55
39184,48
28245,85
26570,148
14638,110
29398,48
14828,100
37354,75
3045,65
4063,36
30697,750
35159,75
26852,43
28687,150
44541,230
33753,79
37549,55
43673,220
10077,140
9944,205
35788,250
31364,150
26571,110
14628,125
35284,200
20301,119
42641,109
2134,170
6661,43
17777,90
6668,180
38984,80
11544,100
30460,285
17312,100
29726,46
48754,60
37764,175
8756,45
20896,55
23543,170
9326,100
19936,150
43657,140
32760,54
17345,65
36851,150
5690,100
12049,250
8448,100
15647,67
25123,150
35870,385
5681,200
27035,65
959,200
41727,180
12347,290
11974,140
42278,80
36609,100
22526,75
31564,160
19566,145
41198,50
6751,200
43428,57
42758,58
13007,150
45639,203
42019,109
9863,85
5982,248
29147,50
22844,199
39421,225
10021,85
28405,81
26569,290
18962,54
20041,170
18240,189
39645,110
40304,155
30422,110
28416,170
13298,70
42694,75
43211,799
42974,180
31747,79
16321,189
45697,175
26324,54
39074,800
33870,200
26901,135
19088,100
25368,85
16924,50
4102,110
5783,200
47976,90
25365,115
35196,36
1227,135
26687,80
43139,50
34362,52
20299,60
8568,100
8012,90
47193,180
6276,80
2154,172
41513,85
45493,60
8151,100
11100,40
12455,140
9549,120
25113,60
12197,105
10167,62
7416,160
21506,118
6725,99
5380,180
36123,799
10313,150
8671,280
39945,55
34944,120
29519,225
718,155
30860,75
45067,70
39914,165
45892,295
7580,450
34763,275
8054,150
37206,99
45384,120
25013,275
29223,34
5207,105
37898,82
14144,145
21337,400
31627,45
7563,160
16479,275
8977,109
43332,35
27719,133
1491,42
526,130
38933,42
6114,225
9176,600
12521,260
17679,55
28999,60
32933,60
4546,150
43992,199
10558,70
9149,165
8920,70
17401,185
26024,99
1595,168
9353,135
34673,60
15621,235
6051,188
36035,150
22970,60
13318,75
11836,90
22468,31
401,122
18231,150
29595,119
17957,200
32392,140
45617,249
32687,190
37078,329
11615,80
25603,40
42039,130
6914,80
15880,109
46083,150
27810,90
15015,800
982,75
14647,90
14735,142
43324,206
36649,59
36022,108
32825,69
18548,150
13296,120
33720,30
21261,47
25908,325
37107,155
27975,88
7210,120
47258,200
42884,200
17680,130
4797,78
31736,250
17504,55
41290,90
20375,200
42593,80
27619,195
43927,84
30767,35
11014,195
14251,65
25462,50
14662,135
39133,80
9523,65
29524,71
16345,225
33375,125
37126,120
21025,225
48851,35
26409,130
21650,65
34050,80
22390,70
35119,80
45412,65
41697,57
32030,170
48028,49
1959,74
8050,85
33330,69
23378,100
21180,50
33710,55
386,80
18745,100
31416,130
1521,179
12900,70
13839,120
5876,53
18009,149
46660,190
5004,160
44639,150
34400,87
29702,69
19447,74
16234,51
11160,45
29211,499
47422,149
5042,50
40132,199
19591,125
21122,197
13623,60
45841,850
33746,490
26162,180
23654,45
17615,133
41563,220
2105,84
20849,349
10700,45
18939,55
18266,42
48803,145
42452,175
7025,250
7334,49
40842,325
41540,100
20895,100
16996,120
14297,90
36629,120
18416,55
7581,45
41106,62
5771,99
27901,80
45538,85
44501,499
35549,75
4253,75
7703,140
44998,100
29995,160
39510,50
25223,75
15810,35
24503,60
27240,75
20776,225
44621,159
48656,75
46442,60
40310,175
2668,80
31063,70
14710,32
4191,110
13140,159
4227,97
7969,78
33143,230
25742,180
31436,350
16315,120
19570,140
38109,340
21769,85
14568,175
35458,200
20671,95
41359,65
9965,60
17080,140
23267,190
971,165
4203,189
46956,55
38757,361
21397,119
13968,70
41029,100
34730,115
898,159
38458,150
2333,133
22873,58
23888,79
17126,69
37358,250
41525,650
34060,145
38159,50
46825,48
30639,147
25784,85
16238,239
39461,160
20435,35
14329,125
19147,302
7352,295
13286,55
20599,45
45231,69
5757,80
11155,150
5230,115
9851,100
8264,150
17420,495
8608,150
14951,650
44390,199
29428,54
28136,40
42930,79
2878,130
44334,380
48839,800
7394,73
14035,200
5749,116
6323,60
30474,120
21245,200
10804,199
5419,90
21604,250
4129,140
24725,45
31206,180
11345,175
19459,150
28112,300
17034,90
2251,83
32751,60
32564,45
44852,119
47160,12
42325,95
7662,140
5368,50
26821,85
18176,425
13501,55
16351,600
29586,138
21502,98
7411,50
21719,175
22665,199
3954,75
25619,69
21512,239
5718,250
29601,68
45096,185
30611,400
21389,65
43372,200
48478,210
33139,200
18035,48
29696,100
42352,170
34849,49
43479,45
42647,130
33745,40
8861,155
5040,120
37359,30
14213,79
2151,97
15359,75
14525,65
29945,50
24885,78
3120,345
19010,250
15550,75
19634,95
2630,89
16758,257
40937,107
40190,47
7708,116
42620,35
20852,40
40106,100
11023,100
33211,75
30949,150
22354,300
23738,215
22145,100
29225,125
38162,90
329,165
7339,130
18138,65
48724,385
12255,275
36131,31
25400,90
27186,750
34344,737
38520,29
44838,70
32495,55
3292,180
253,205
15082,97
24366,100
41801,78
16895,51
39525,65
33204,90
25053,160
35838,75
1204,125
48663,120
22815,49
296,195
26755,250
35937,60
10308,200
10932,52
12732,65
42288,110
1213,95
4839,60
10623,46
40348,90
31964,175
31139,70
27111,115
33725,40
44091,60
23665,75
26027,69
28740,85
44930,38
3234,85
42186,250
18078,63
41941,225
36892,259
23255,49
31957,140
14165,150
46119,150
32394,85
966,120
30696,280
717,88
36057,41
6554,50
18688,95
42632,204
21392,127
48226,195
16793,50
20749,150
42754,75
40675,97
42586,85
4478,150
36447,125
4116,200
26301,35
5095,191
5102,95
14938,140
14277,83
47152,130
24375,90
23179,80
3205,45
21546,70
13035,49
24855,65
43291,100
16140,850
4130,52
21104,30
23828,400
34870,55
39666,48
1136,80
23422,50
28889,110
16328,150
29340,120
32584,88
27017,135
46529,150
2950,175
38326,714
39498,48
25617,127
18604,75
21290,175
43921,339
18,99
28778,221
16892,130
18840,280
24036,70
21499,63
12483,135
32083,110
32672,200
14728,250
33446,53
4850,200
5090,125
40341,65
6061,360
31238,40
43172,173
33117,199
16826,154
35820,120
23322,245
42034,185
25528,38
4748,75
13977,135
48460,100
43807,63
8600,184
25335,120
25893,230
46751,500
39740,420
26090,245
39950,55
5875,149
3050,75
44162,945
31876,145
44106,198
21615,250
40956,65
46382,307
39112,400
10587,30
41490,65
27230,200
8529,175
11885,119
26476,350
34509,287
44804,150
6978,760
44253,55
46418,35
46547,48
20367,53
44226,150
1666,49
19894,45
29774,45
35890,403
24312,45
32646,80
35490,76
36454,39
12598,139
36411,100
46781,135
20044,130
16876,160
13290,485
1878,55
25952,195
32642,60
14908,142
25699,60
2199,499
14008,200
32384,135
46094,390
48505,250
14507,55
18978,105
20861,275
17982,100
41284,150
28512,160
32917,80
42783,180
34264,225
21893,175
43429,57
40836,80
30730,125
5074,69
3866,500
13021,139
37455,115
45923,160
2768,79
42835,110
9651,37
4713,44
6195,80
29017,34
20015,75
39275,312
42083,209
18834,85
28114,185
3277,251
40319,34
33444,100
1716,200
47901,196
19502,230
41124,50
37760,88
23598,175
17177,350
27926,95
16604,300
38846,44
32263,40
28450,40
9911,105
19637,100
47418,449
34461,53
37692,212
35893,135
37063,86
10011,58
3686,60
48206,69
4000,110
5054,87
29400,175
46784,150
5486,60
26424,425
38027,125
14002,70
31250,49
4993,200
34263,250
4053,90
29740,46
40587,60
35428,110
10889,70
9576,40
38408,55
35877,75
38709,291
23402,185
18674,199
10529,46
41686,125
10130,75
45460,60
18718,129
27072,185
46284,140
46609,225
17764,225
15419,170
24557,60
45260,50
7777,146
29835,50
15041,100
47963,169
5542,16
40488,145
9839,90
23159,150
30043,115
30777,110
2713,300
42509,117
4645,135
12063,90
17746,70
24883,65
23038,70
7594,165
44673,195
13561,99
29269,300
9508,70
34475,250
9696,147
2551,35
10208,70
43077,45
46481,78
6700,159
47622,151
610,50
13426,175
9076,85
38131,151
20568,59
40402,80
18809,88
42477,170
37611,99
9658,120
5629,105
44087,200
34915,54
7034,150
30050,120
20714,89
19216,252
45207,49
47435,400
21475,78
43432,290
1644,120
40240,130
46344,375
18493,70
22964,125
32077,120
42414,60
29885,350
4107,102
42532,68
30774,85
30257,1000
6265,250
31306,150
11212,105
47671,174
4154,100
38454,85
46200,160
18790,50
6082,100
2973,439
14318,117
45607,93
30844,175
30901,100
17341,100
11726,55
20742,60
34722,60
21362,100
33758,68
35187,55
35525,260
21101,33
4832,150
4455,245
3927,65
34468,100
7556,129
10626,200
10118,319
2875,150
13315,150
13236,50
25627,160
2056,280
45123,200
40852,65
30169,55
36149,139
16620,150
26000,85
9407,225
32170,89
48280,125
26442,70
19720,79
258,39
41779,66
28363,35
39423,70
28703,120
35517,83
6781,75
14084,25
12260,119
648,85
44263,58
30146,30
29413,275
24442,125
45907,600
4929,95
26725,250
46926,150
6702,85
2309,85
20994,80
12709,75
40558,289
44981,100
19181,38
33405,300
6494,160
14305,550
15986,165
32971,62
12674,37
17950,199
10955,70
48567,333
22159,88
42834,75
4403,135
8222,170
32620,200
33382,265
42719,80
9733,499
11505,169
32008,225
28115,120
1319,100
5878,160
32183,160
41260,70
11244,75
43216,600
23495,220
3477,35
16936,157
45620,55
40064,80
4728,92
13547,110
11102,180
33227,60
45516,499
2030,49
5162,160
5058,55
14650,140
31027,50
24940,100
26498,100
31619,199
48269,90
6415,99
27892,125
38897,179
34713,90
36662,165
30277,67
3478,700
316,115
30596,208
47150,80
32995,149
12865,230
47549,190
10004,120
1091,229
14841,148
11675,50
9453,175
10479,150
38274,125
42673,350
35345,80
26199,115
24176,85
28369,120
45727,120
45360,75
13985,75
21139,73
26372,175
39369,165
5085,75
25596,295
198,80
25590,120
25002,130
13525,149
37987,150
10022,99
28629,130
4070,99
10180,150
42533,200
23290,100
29403,85
16418,80
36789,179
31471,60
26462,106
30595,120
15889,80
18463,45
28099,650
13596,220
45125,65
20109,290
18271,185
35277,30
37363,102
26405,50
3935,75
47378,315
36265,119
9492,90
44675,45
35188,80
36174,50
31675,150
1913,260
13139,70
40176,98
36921,85
32589,199
30527,199
16894,70
6967,135
28131,70
40555,35
14183,75
31319,130
47376,60
45191,306
34578,220
31605,120
35227,120
40307,89
29276,40
904,165
9335,75
34176,329
11253,130
28221,485
17645,65
18498,250
5769,75
41950,349
26642,125
25004,150
11194,115
44454,300
12005,149
33762,50
26930,37
47589,299
12219,125
41021,159
21016,93
6034,250
39671,48
38979,392
3242,140
16639,70
34369,86
4114,55
46172,550
346,90
27909,95
19335,39
46833,48
8334,59
33041,105
3094,149
11132,150
16269,230
11937,200
21297,45
20364,95
11257,63
38331,714
30055,250
45279,150
20220,89
12377,80
9248,60
30502,74
7448,250
14391,125
21301,45
47497,300
12144,40
47051,145
26345,79
8485,150
19075,130
7052,50
8822,150
45008,100
7100,80
30563,200
24478,135
10189,155
16801,85
1500,58
44006,199
15147,200
1754,210
18342,105
23007,75
21223,75
1687,115
33717,20
1947,99
14845,45
14206,85
38596,200
5684,60
48066,250
2102,189
28072,99
35404,70
36010,65
33634,75
5733,35
11414,129
24078,35
20954,380
45826,180
47588,159
6779,120
18000,75
37407,68
461,130
14858,60
14338,110
40691,80
28964,149
32038,99
20945,35
35915,40
36588,138
41275,69
21609,90
39636,300
9722,200
22367,69
46324,369
28593,65
34141,199
5379,200
44853,200
42021,150
10594,80
30768,48
38433,670
47278,65
26103,50
44840,600
19934,80
38994,70
14452,200
19981,65
24419,39
23254,160
19997,265
1502,100
34751,165
10944,235
24253,95
10584,52
48356,103
35484,100
24439,50
16182,60
16083,400
12436,75
18658,80
19214,118
12735,72
39621,45
38989,180
11614,125
4282,299
16713,140
17797,60
15747,100
37628,149
17407,95
42891,95
34319,65
26015,250
25204,100
35414,335
10542,155
37829,79
25683,250
14432,75
46897,249
37463,60
45573,70
32309,45
2877,140
32769,160
4296,75
27465,139
47149,190
35886,100
17856,50
22929,232
35013,135
22898,199
44362,280
48466,100
7154,150
36620,48
13524,250
5932,70
15037,199
31735,175
3950,18
9307,29
27799,299
44104,111
15494,60
40330,75
17219,80
43655,100
29443,38
30397,90
3446,79
23100,42
40957,30
1307,130
26067,250
24105,150
17736,125
19354,290
22725,299
13407,55
26054,90
40136,125
48609,150
21569,160
33140,90
5191,80
24022,100
24068,102
15324,160
11678,130
22919,45
47772,45
43431,55
44961,100
19581,115
26057,74
25915,110
19818,43
37602,68
5384,45
3371,500
40897,250
2788,269
4790,50
45461,99
34782,400
45614,75
38686,316
7431,31
8791,256
12470,199
17897,33
4690,100
21584,65
23977,150
10181,104
44137,75
18451,95
39884,199
7183,60
45431,120
10306,285
952,56
19290,90
30507,45
13580,250
19699,75
47856,425
590,150
36900,99
37207,200
26052,60
7233,68
40394,300
20024,190
44769,250
29144,160
14333,120
26150,125
14548,150
24745,116
2296,650
5404,68
31091,130
44632,145
30892,40
36306,41
22637,180
5166,200
3378,100
7035,96
5923,95
34101,67
22903,75
11355,57
19039,169
38926,28
40648,110
45964,70
37008,130
11177,45
45561,55
4638,115
5838,225
10027,65
33515,70
11029,300
31502,36
28345,131
33273,97
21639,70
24508,150
18024,125
37331,125
31574,75
17752,129
41904,65
34378,50
33613,255
44045,85
6837,59
29787,220
14654,60
14602,133
26062,250
4756,158
10950,125
36329,140
19620,70
28881,400
48053,50
37962,53
27648,75
15235,110
40177,99
9539,120
34415,99
42094,379
10107,60
28497,143
48566,314
36213,79
39205,60
21826,125
2464,99
15967,90
32667,90
29494,225
37666,175
12673,195
13029,69
24994,210
33186,131
16460,60
376,225
2177,225
20569,45
34143,200
36677,60
19667,175
43360,299
5890,56
16390,95
25708,130
21319,159
15563,65
1135,125
40273,59
48714,396
25878,50
29659,47
16252,60
16913,78
210,71
23359,45
20750,150
48733,50
38448,35
10246,119
24546,200
34692,130
8176,60
28098,250
47764,50
37745,114
22978,145
32372,1000
13735,100
23073,60
28442,80
12504,150
37832,100
10996,650
29040,60
17138,125
32116,191
7695,54
5053,120
34315,53
6731,80
19349,249
27784,140
22303,92
36764,55
42449,30
7056,150
11229,98
1686,52
10877,59
34413,118
40979,80
39486,350
17373,65
33501,70
39959,89
37003,149
19683,80
47925,123
22735,70
508,120
16289,53
46460,67
17751,90
48484,280
46020,77
11973,99
36455,135
35397,65
36422,200
36648,70
21507,43
36095,135
20418,115
41833,175
24772,59
20602,119
12031,170
11844,400
36333,299
32840,105
3561,149
35364,110
17004,50
22099,115
48837,80
13295,90
18272,34
24185,105
693,125
48204,35
43094,55
45683,85
34355,46
3423,150
8246,110
28342,100
2998,87
22866,137
24639,110
45731,137
27765,50
14715,49
22813,165
8619,150
14477,120
27512,1000
26899,165
34085,35
22943,105
2468,99
25084,85
6667,250
37671,55
38291,70
11577,105
11322,100
31480,89
25840,37
10782,60
39533,300
27944,155
2865,79
2674,160
46794,50
12270,655
41989,205
23685,70
43070,898
35577,95
38145,120
3908,179
4390,235
5164,162
29704,65
38577,418
4594,125
11944,90
745,45
30525,70
37308,75
6969,49
46948,160
10990,200
27615,95
14993,160
43442,309
33954,125
42904,111
40367,70
37385,90
9592,35
30709,47
10907,450
31341,70
37190,38
40949,65
32798,75
39861,956
13103,180
37134,119
199,98
25931,75
34272,200
30643,100
47960,220
16160,90
6348,107
19479,160
37889,150
11427,57
28538,450
5096,200
29509,89
5727,55
11052,78
46016,79
246,65
12485,145
48011,50
44489,70
37730,75
5795,73
30683,300
26058,95
45121,223
8866,150
38619,33
14987,500
35717,65
37040,105
19801,300
20163,295
15874,42
8550,70
39163,90
44258,262
38010,179
3575,900
32534,90
45337,349
35769,160
27392,100
29963,140
25209,63
45056,500
21563,135
24009,40
42297,69
7284,95
31787,200
31602,45
4897,79
42520,35
13334,155
47648,50
14223,64
15283,85
47885,59
21369,900
47781,35
5695,115
32783,195
23699,70
36178,90
28823,210
1761,225
28459,299
28090,85
7169,55
16683,245
25045,150
39763,300
45026,150
33534,115
27450,111
27822,80
47916,45
46553,198
19382,65
17790,124
142,140
40534,350
23914,152
31461,185
11347,325
19646,149
16069,50
1243,450
39663,150
26694,153
45849,108
31082,49
6485,90
4073,175
14708,120
27046,156
33508,90
3741,400
21676,49
27501,60
35805,64
11975,181
2266,109
33643,60
12637,300
17560,70
16309,40
36145,225
46389,500
18849,145
36240,149
35505,45
26037,65
5274,125
13953,100
32445,120
1696,200
41913,308
31087,41
11436,41
47120,140
36559,350
25933,35
7503,250
3394,290
32370,350
8223,194
27270,110
30115,71
44945,100
41928,82
46226,229
32623,49
23802,75
13812,80
7561,188
11003,70
41414,431
16812,64
24934,80
7910,55
48054,75
5848,70
39276,118
28850,125
44315,100
18822,80
42543,225
5480,90
4618,150
20448,350
46510,250
20056,200
13142,65
18652,99
21578,150
27740,50
26846,40
19707,65
20837,55
39020,125
17049,155
8244,69
24686,260
29657,115
44404,219
47989,80
23748,120
17244,150
25591,95
34144,275
31110,188
17359,25
10345,95
1053,150
46466,50
903,179
35466,75
10878,300
15252,95
44213,210
7822,60
5456,45
4530,500
26696,55
1411,119
26800,155
35096,184
12910,120
1607,70
21244,200
48875,140
28158,190
8474,120
10691,98
45233,35
5209,45
48037,180
22333,82
23004,110
39230,100
38642,45
30765,75
1177,325
25465,50
10524,45
28907,70
10701,140
4165,95
10658,500
26177,99
35899,125
4289,100
893,499
30575,113
3071,60
24990,250
2513,60
3819,220
29928,60
29633,275
7887,170
20295,55
13265,125
18882,69
17124,99
38452,90
5458,540
8589,95
31629,110
24868,80
13193,145
2167,50
15939,26
11601,169
11951,40
41402,262
1987,140
87,60
17574,55
13610,48
42899,300
37895,200
42079,249
19245,150
28062,333
1877,40
34733,188
3104,295
38268,199
15778,50
14616,70
42989,65
2737,299
9513,250
41197,99
29688,200
19087,60
37689,110
29839,125
12641,120
3995,90
48722,393
35213,70
16552,46
19641,333
30743,50
16551,250
27556,90
37042,74
29875,120
2693,100
16708,50
23032,287
31597,165
1574,120
29958,99
29483,200
32850,70
46117,210
4267,105
23180,80
11079,85
5938,100
39168,59
42003,235
14427,65
47213,400
23110,110
40730,250
28806,100
22666,150
14572,135
2057,220
26459,97
30654,119
41321,400
17272,200
10812,80
33649,60
39326,80
26535,190
29848,50
15500,290
24089,145
23426,195
38368,125
47488,100
25222,40
23230,150
9980,80
16305,100
3909,109
39981,69
25549,255
8063,153
44958,425
12533,130
26594,239
21656,209
16765,120
30647,40
19902,147
32466,70
921,75
39806,40
24129,65
7191,100
39585,399
11062,99
19966,52
1476,139
16891,70
32692,114
27057,25
19995,55
21974,150
118,225
41753,202
7498,105
16557,120
38064,103
11708,34
21519,80
11519,73
24852,350
46251,55
42171,240
44414,68
20878,83
21226,26
17640,144
19891,100
26660,65
28371,90
17206,130
3875,150
1536,150
32970,350
5156,72
36242,29
14098,200
41718,325
1920,69
34459,130
400,260
39975,63
19021,165
10830,120
38817,90
41703,60
17753,100
5167,45
20732,116
19767,75
28536,27
23755,72
14527,130
38307,130
4933,110
26956,585
4324,95
19323,110
47836,199
35379,35
25137,100
5115,545
42165,85
6220,200
7831,218
34612,150
19969,129
9927,48
40673,49
47464,65
37783,718
35705,135
27291,69
181,350
18682,160
26212,102
42359,197
36894,57
1594,375
35767,100
43147,150
1413,195
37855,50
22104,65
18901,220
19311,80
705,70
13339,196
46165,400
37153,31
33958,250
33614,150
13992,199
417,120
26119,53
19870,150
24261,400
1981,65
7468,220
20664,150
21011,78
30412,165
30192,50
10980,135
34565,120
12344,245
2704,220
43576,70
38840,51
45604,250
32509,85
11370,85
11419,50
33600,181
13716,66
23458,45
22532,490
29071,45
2939,60
27696,150
44625,200
45373,250
3678,65
45660,125
47065,150
12825,70
32148,80
31527,112
38042,70
3389,325
10254,90
15421,60
18770,90
47681,229
25405,600
29477,95
5312,225
27695,105
20621,139
31223,45
47285,235
36936,100
21417,70
24248,54
16959,225
30740,90
26248,113
23560,113
13447,39
36228,120
47966,70
22892,90
27122,40
20038,175
48655,200
20892,95
19907,200
12531,288
10421,100
22796,226
47638,87
39348,200
39169,60
11847,199
19954,130
23413,105
43495,55
34845,160
38977,125
15228,100
25806,80
3977,400
32922,115
38287,295
37772,233
38475,109
48423,242
23655,62
7625,65
36738,199
6806,70
27623,185
17044,525
19873,40
12545,269
11028,50
20413,110
15863,135
31556,120
14590,60
26510,175
15373,200
35943,90
17025,250
32217,65
21396,165
28728,359
14174,100
17372,199
29376,30
28367,200
43209,275
40251,40
21132,175
36666,100
8497,115
9296,110
44691,55
2258,125
4718,78
8028,90
39843,70
43871,103
24367,115
14856,65
34153,22
1175,50
44298,350
10772,100
23111,60
2978,180
13285,75
19572,199
27094,138
35243,75
44249,59
22369,110
26331,160
35385,98
45520,58
9489,100
12887,62
30593,153
33275,100
30733,75
25248,200
15756,80
1148,226
17450,124
10438,115
5125,190
41906,59
19557,100
20739,165
20481,120
3839,115
41363,245
43450,82
34079,72
35926,399
44982,100
46596,999
20634,64
27797,60
42399,47
20552,400
2255,70
25769,389
20119,175
41512,64
24329,120
2889,200
12577,90
1239,220
18448,400
20757,150
41196,110
37944,249
44790,50
15854,50
48473,207
46250,70
5902,58
9367,165
44351,250
46978,750
19152,534
5136,180
18998,120
25050,115
44055,69
20128,60
37502,40
15855,68
3713,100
48640,47
18408,115
23086,175
19252,38
12706,195
28264,250
41875,135
22835,10
28824,50
37156,250
31968,125
22001,250
23866,215
10455,72
36909,45
10969,275
8421,158
19192,80
20010,49
47083,46
5540,99
3003,185
25339,250
14435,65
29898,150
34758,689
28575,200
3780,130
45394,59
34340,699
46880,850
31519,250
31679,350
39644,80
48295,45
42153,160
22102,100
5626,125
24053,70
10937,85
15789,90
8083,85
31169,195
31934,150
48815,59
13154,169
28908,85
43426,39
14286,110
43367,70
27522,150
6665,100
28985,130
24789,200
28381,50
9038,65
28455,100
511,70
11959,100
44415,50
1159,385
39172,287
38607,70
31366,100
1819,225
45382,149
44195,430
32094,80
39901,520
23468,55
47753,150
27643,250
48876,60
22085,60
37133,100
19575,95
27612,138
11448,150
35166,40
35770,85
6123,225
47645,75
43601,154
11290,140
36799,165
15150,333
25253,175
45447,32
43413,40
10155,47
24504,152
33663,500
23590,90
33104,50
34533,435
8908,150
7208,45
13672,75
42259,129
23284,142
32750,75
45656,289
31880,45
33473,65
11972,200
44257,229
7872,100
39226,43
43373,50
47928,300
13008,229
9403,90
44507,140
26979,395
12178,310
34081,75
25489,170
22067,60
42314,58
40168,60
38773,236
34563,175
31783,55
22191,65
27802,270
2283,85
42287,70
29162,130
25289,99
11573,105
14071,65
28726,30
28178,210
23806,122
4586,99
21376,100
21405,160
34174,44
6343,122
20517,170
4173,149
41819,85
29954,93
18291,125
31069,35
20873,200
28613,190
15833,1000
30750,100
6002,50
32914,70
4012,150
2845,120
12137,70
43986,73
10956,55
12220,115
44684,200
20025,700
37708,250
20733,115
27416,60
15527,150
20057,86
1452,109
31779,200
13115,180
24603,125
36739,180
47186,80
35631,300
42185,110
24989,80
17432,150
32546,50
37995,79
40574,55
45289,75
43837,65
37333,60
18592,75
20557,175
28748,74
2174,350
35143,150
10540,250
4365,180
27231,250
7690,65
14884,250
45114,950
8772,25
17295,42
20018,105
24063,50
31141,110
48348,234
18525,48
20786,50
18547,149
43010,65
43707,36
11114,135
28320,186
35478,102
30788,200
21242,88
48715,89
16239,125
15568,50
27213,80
25493,125
27934,265
2337,175
13616,125
20882,60
39108,55
9314,145
5529,350
39635,65
41520,220
22633,39
1575,75
1428,65
22525,60
26136,50
19375,60
15540,325
22474,100
17886,152
1365,180
6026,245
40689,59
16569,100
13107,99
6016,56
10061,70
28674,80
33972,82
24944,41
30425,99
15711,89
33682,69
12458,450
20606,240
29286,170
6507,82
23985,40
27144,125
35420,80
39909,118
48171,55
33115,200
47042,80
47776,399
2303,158
26219,200
44023,190
25929,175
16567,270
31988,50
5747,85
38026,50
5977,200
45535,75
5920,200
19412,90
38238,241
41403,472
42467,99
5449,96
15612,200
35912,250
22920,70
14399,90
28564,80
23223,50
27483,80
3280,140
32562,65
24054,179
24658,350
14334,350
7218,60
46000,650
38461,75
15995,250
12515,75
39588,590
28855,65
9459,120
5761,50
5766,129
34690,115
19089,95
32228,149
15066,80
8466,200
45903,295
16595,85
40108,120
48154,150
15712,80
12423,150
166,80
25762,130
1646,90
24550,200
15708,80
39099,166
23568,125
7395,70
16935,150
10827,55
31394,95
24377,150
35023,250
36307,120
33885,260
22646,50
15935,197
48495,450
29041,90
24295,91
36259,159
37191,210
39222,250
4891,170
18004,79
3060,250
36030,51
31265,130
10599,180
40015,300
40929,95
16065,142
41408,234
24814,160
12731,140
47086,79
15608,60
5356,50
22500,115
8774,120
38772,453
18911,259
28796,19
2166,120
22256,35
10451,375
33635,85
42713,150
24839,65
20230,60
1140,142
1431,150
46019,59
8830,105
21733,20
11795,240
28758,50
15369,75
10682,95
29826,75
46270,69
42052,190
11655,150
41996,416
7502,75
8288,40
13223,32
43592,549
21048,90
10003,75
33472,55
3483,128
1130,450
13153,48
11140,100
11857,175
47866,170
19633,120
10754,125
12587,90
28383,70
20963,120
16259,198
12214,98
39885,183
17993,75
285,95
12695,35
27509,250
22791,94
19748,250
37398,40
21613,99
6029,125
36906,30
27671,500
34598,48
25085,38
27476,50
24560,135
26055,65
2582,150
22289,48
41326,160
14804,70
37427,109
15405,50
2470,165
8236,190
40650,90
16866,150
35334,60
19917,59
33812,65
42706,90
28984,50
46688,65
45544,300
18749,200
21531,175
29346,26
3947,149
31022,100
37023,69
37317,45
40196,42
47205,300
13280,93
21313,55
45746,350
13823,90
28639,50
7474,125
38877,65
41514,200
13270,95
7371,200
13156,100
30158,289
39406,200
38272,75
916,387
32943,347
14199,150
30318,59
577,110
2029,329
1250,175
26089,225
7897,150
17230,85
26632,99
28887,129
10735,150
20009,22
3767,199
1769,150
26977,96
25361,160
1183,180
39751,443
10483,250
27042,250
44048,90
36137,105
25759,74
15179,140
1356,331
19355,180
12734,46
19626,90
40465,70
9663,165
35624,99
20645,295
19968,33
46602,500
13575,99
27323,90
38522,125
16352,175
26420,90
31297,65
35094,204
20261,114
9953,99
369,60
144,115
8715,108
26679,185
17137,40
44844,60
351,120
5024,65
9805,151
10834,80
5673,85
21752,140
8781,150
11168,127
1999,100
2436,150
16200,400
3352,150
28289,180
43116,40
40719,199
37299,149
35408,120
5796,88
15302,50
20965,90
25907,125
19200,350
6534,65
6327,260
818,209
31040,150
23673,86
28307,100
32442,179
8256,75
8537,75
6502,175
22521,330
18953,99
2248,395
14451,100
19091,85
26973,170
12095,108
26373,100
6783,275
37960,75
7809,85
42990,50
24840,65
4816,48
28802,150
33891,75
20218,40
43217,67
7272,50
46838,48
43276,100
46067,100
5926,150
17816,89
30127,150
26583,115
12221,85
964,100
47877,380
23344,60
8994,155
11382,240
29390,39
12006,104
44912,175
2080,99
17673,65
41189,150
45850,160
45079,105
19394,140
28413,35
21765,150
26715,198
40117,299
48340,85
16753,75
11435,70
41420,85
23462,65
36847,250
43773,90
48117,175
18407,650
1184,209
10478,60
15774,143
17114,200
3247,174
40552,42
48192,250
19023,140
18241,60
35294,250
43718,60
28585,127
36745,50
10457,250
37513,60
47456,380
25471,159
36987,90
36135,65
17892,120
14053,400
10767,80
35290,195
7671,70
39159,360
46531,60
40629,79
9575,260
12617,85
38177,85
9662,110
39008,50
47374,145
2067,160
24881,60
35327,65
2363,138
29532,70
29261,85
13685,125
23275,149
6630,85
28571,109
6218,120
33834,275
31009,199
35095,400
12045,205
19953,45
17528,102
41301,225
41119,375
11646,180
4822,240
12780,500
9332,169
10298,175
35313,200
21012,119
37360,165
38574,40
6073,84
14696,229
19494,100
24823,95
47699,135
17086,70
37300,250
30437,290
46522,39
34394,115
10903,235
35245,125
33076,200
17350,27
25516,1000
3888,400
17750,106
38975,299
46776,35
23883,274
1941,55
22664,250
3904,60
47284,60
36536,850
13955,125
13436,35
38121,99
16162,62
3440,75
46608,125
22912,40
3430,272
45979,111
45201,65
46448,100
13030,275
45268,300
8432,400
45099,85
18123,85
21840,54
16374,195
34984,99
15448,59
22681,115
4652,175
22523,90
3225,140
45510,55
36345,119
34312,89
46910,63
5080,65
5638,65
23249,115
27571,87
5657,38
31995,120
12890,75
46774,249
3973,92
17095,174
31144,80
38205,80
38505,100
29677,150
38158,130
17922,165
18092,250
43930,85
21631,125
6992,34
5992,175
31161,80
18222,300
5585,170
8555,149
30753,86
30161,150
2904,310
43466,24
10581,97
24515,100
29628,50
20256,210
41400,999
4538,115
42530,62
29526,65
21711,35
6911,149
27070,40
28955,65
2341,135
41004,519
20815,599
42921,320
32999,230
43617,70
11453,85
17949,140
35480,120
200,140
48520,120
8997,45
31440,125
22375,88
34226,40
31914,110
44243,67
18245,120
18624,117
29396,60
12749,200
31124,142
46289,131
24887,140
15195,43
14889,179
17160,169
48347,40
27208,30
43725,60
6506,75
45527,150
6773,97
27521,48
34913,125
32842,60
33790,42
24365,155
44995,100
21403,60
9400,140
26171,60
31243,70
20321,250
7578,75
2115,150
7361,58
16648,115
8068,71
43818,79
13915,144
31100,244
1548,230
46761,220
811,189
10125,35
32262,175
9510,115
35999,35
24076,69
21625,73
5548,200
24689,65
41389,256
16590,75
15176,99
8481,140
33442,40
6011,229
33488,110
27523,175
33377,450
11504,145
30114,125
11907,110
7013,69
44360,189
32317,65
14453,95
34926,71
4653,160
13363,150
29913,50
13989,132
14253,50
11258,110
7435,150
28950,70
10661,110
5245,39
24781,250
22240,395
43267,60
19741,86
46943,105
4237,110
18746,175
35221,38
4405,110
23889,100
8696,145
43733,40
9014,160
22479,200
12386,265
6330,126
39197,135
15368,194
9261,175
21422,125
2756,275
147,195
2690,72
6895,85
15557,45
18144,221
2543,151
23234,64
7628,129
21575,149
10699,68
30139,189
46581,75
24466,50
17214,125
8401,74
45236,75
28853,225
9764,109
6560,125
38136,200
22904,199
33890,129
10033,60
25741,44
42657,350
37322,500
48164,80
29388,80
39317,165
39892,820
10945,95
2027,110
162,135
10737,38
47034,160
38083,199
1131,145
22913,70
28088,45
12861,60
9354,115
33280,120
41536,40
11362,150
18446,162
7181,75
6606,130
16377,269
42699,35
11705,100
19109,85
40663,120
34559,67
5608,215
47054,60
13522,152
6641,315
44442,20
18489,250
26093,183
30746,100
25284,60
26357,325
20641,135
36834,130
4228,70
42790,44
48108,197
608,200
9579,80
46129,225
44624,90
48326,50
27032,128
22422,60
30724,175
16659,75
31578,240
668,199
30763,125
45424,200
9823,110
32888,65
12007,200
15367,195
33674,60
23672,120
24733,120
27073,215
37356,95
27382,40
44248,80
9991,100
8224,49
16511,67
20519,40
8661,85
26718,60
1585,150
1168,169
34382,112
1330,115
43739,475
32516,230
47672,56
40753,71
45839,68
15483,81
2684,99
6090,110
11468,45
40700,87
2389,275
25713,245
20498,33
17445,250
34063,119
24060,89
19998,228
44831,79
6821,275
4286,45
1964,200
14243,814
291,135
267,200
11378,115
6722,150
38459,120
19614,218
15043,239
11798,80
20331,250
29745,280
7172,90
13817,60
38751,206
2366,139
22927,70
41669,67
21483,185
21838,73
6905,155
48084,255
10652,140
22263,89
33924,82
6601,129
2644,70
30069,63
7049,250
33337,350
39080,200
13784,30
23627,50
26946,85
21704,75
19055,59
42817,250
24157,100
26180,300
43823,200
20780,60
13861,85
22738,45
16640,80
35586,65
29722,45
40763,68
18886,52
7020,300
28196,150
814,249
15267,99
18523,60
31443,110
31580,115
11239,1000
6710,90
5958,140
31581,75
13462,100
31215,75
9516,78
9602,119
13106,70
19106,45
43912,85
38575,399
11053,125
47684,170
1788,275
17367,95
4830,175
31294,115
25005,200
8760,260
28306,65
3894,239
13212,225
13009,200
31217,54
11672,75
102,65
3250,180
14677,140
18304,45
13430,90
3790,500
44509,300
12768,188
1691,95
21450,100
45537,75
18871,154
23989,35
6359,115
7732,220
34022,45
32988,39
10119,45
47756,85
19860,180
34048,280
15691,75
23513,89
48210,150
24776,99
46359,45
7554,170
6493,249
46339,25
48225,132
16738,46
46539,199
29651,228
22838,400
18717,105
46863,450
48048,125
35224,29
28804,69
19144,95
21073,164
5607,225
23155,125
46124,60
2632,69
12199,114
47078,400
42748,60
47415,30
1214,70
8145,175
14609,200
32017,80
32932,45
46509,235
37493,100
17447,110
16244,200
47880,100
19079,117
41604,379
2738,104
30950,124
5521,95
31150,300
42643,45
33652,50
8113,100
10073,159
35487,50
28622,28
33268,34
17389,99
8685,68
20090,170
35447,410
169,70
38516,195
46642,290
9793,200
27604,58
38222,40
9298,270
1485,200
15598,99
23752,315
14281,100
1676,140
7923,198
7951,115
37779,276
7742,116
17443,120
13789,100
43690,249
44511,200
3505,255
2946,64
29922,35
5276,75
15411,359
29918,125
20134,130
26750,200
44251,59
25810,150
2170,135
43835,70
22916,50
8219,104
29860,100
16732,60
5187,58
25646,74
18216,160
23786,350
19398,40
18679,200
25089,45
36236,115
33045,165
6587,73
43714,65
28849,30
35570,100
8551,250
30903,105
42639,195
3594,900
14794,45
18906,61
30889,29
35204,50
18789,200
31085,35
34745,55
12730,130
10268,225
22081,100
34479,199
16541,125
9754,250
27956,200
25573,68
19602,155
1710,55
34286,100
34630,150
10972,130
6445,75
29447,175
5644,65
30029,95
16400,300
10503,79
44829,89
13722,79
38615,35
22280,376
560,70
42943,125
12980,70
6182,250
3511,150
45769,175
44817,299
29324,50
14542,421
16385,225
48823,60
44432,50
11261,45
37452,160
28095,50
6836,90
30379,75
23725,150
16444,165
3716,380
29805,50
36778,122
2656,162
44480,80
28339,60
46162,289
38555,100
34541,220
39430,250
27220,120
14859,200
2092,100
13398,65
47644,220
8126,95
47310,51
24216,150
1052,350
18708,125
42849,100
38781,302
9832,120
35652,99
17455,125
24274,175
12364,63
5281,95
24803,88
35249,88
37476,63
15718,170
24441,350
41182,25
20294,135
14250,145
27395,75
36568,67
11058,125
19439,189
44123,169
19774,150
38655,40
2237,425
32318,100
11594,139
26035,145
14350,108
14888,60
39994,125
37460,45
34894,55
3194,67
2612,140
45429,95
46991,100
43684,56
47211,179
39561,450
17203,75
26401,280
23142,99
37219,60
42158,151
23149,825
30435,50
36786,119
9732,100
39796,199
6110,165
30354,52
16769,74
18847,249
18425,75
9122,120
8933,150
1426,700
1785,173
27611,175
3898,98
44170,35
30368,450
20995,75
37576,75
26607,185
45546,199
25377,42
46199,50
13346,115
20343,87
29031,100
23893,180
44430,215
21147,55
29520,30
43584,140
14893,135
29952,77
17404,45
24424,51
33749,69
14531,50
16353,150
40735,79
28619,195
46271,79
44845,91
38388,65
10988,130
31486,75
12538,45
18941,50
34139,189
47413,399
11701,45
14611,190
2550,300
12555,115
27983,159
12159,130
40695,95
39488,99
4745,300
22641,110
45925,73
27369,60
24467,220
17276,80
30552,35
47575,250
4131,200
39850,220
43539,90
34235,87
17527,30
22460,229
6162,180
25754,52
20556,105
35669,120
48763,170
21099,124
12787,205
43462,75
26737,125
7180,180
32793,50
12093,127
26075,45
31834,450
35851,65
18012,48
24401,225
45151,150
40062,65
13571,225
28847,48
47860,135
5614,299
11011,275
40044,250
42575,93
30588,153
27632,497
28713,110
39043,275
38860,65
4692,121
10106,140
10384,164
45778,699
29496,25
23294,350
16899,120
18440,139
11545,55
36189,80
24549,114
28657,120
8003,120
36942,599
29351,50
5109,77
42837,129
27283,250
23099,160
40649,135
30745,60
31838,215
25967,250
7302,100
8300,75
23979,80
46643,70
47110,425
27996,250
42514,75
25898,100
29263,150
20707,230
46371,55
24070,88
42931,208
6360,99
3768,149
39818,50
25522,162
33840,56
3305,189
33464,185
31559,114
48359,89
20298,120
31263,105
26579,60
46975,190
14365,75
7604,150
21674,110
34044,96
28998,105
38229,50
25645,80
39365,89
11001,51
24862,160
29909,100
22900,70
4963,35
10886,90
4960,200
44900,65
42263,231
170,50
695,64
48644,139
16408,65
25336,50
23228,85
31429,40
26012,60
5717,99
41579,140
24537,77
23677,40
44560,35
7973,78
38349,200
6740,180
24799,87
4641,50
3860,65
11091,29
39682,99
10196,145
31826,60
35016,175
28177,650
27274,150
31520,80
31893,164
15144,239
34222,55
5873,80
33043,55
43327,206
15761,225
38020,90
12693,35
47763,220
46406,930
3409,52
42622,69
34869,88
1432,60
43983,110
23816,77
35105,55
32669,225
42407,325
23794,148
32487,99
6596,45
9305,187
28716,149
29454,60
5623,150
30423,145
45858,130
38600,150
25554,298
30792,39
27084,95
37342,195
40039,48
32159,450
43784,185
14132,36
40722,200
6621,35
6802,80
27855,129
38703,309
21167,115
12611,185
18663,33
12964,150
35969,140
28755,225
34301,200
8961,85
12186,150
29356,100
12141,100
46112,250
8186,75
24072,127
40914,39
32486,69
17292,110
17724,160
40704,72
36445,210
5956,985
23935,40
36005,39
11401,95
15038,150
8651,150
38430,56
31704,119
26246,78
32214,90
6085,250
8508,185
30617,220
9213,289
5834,178
29530,38
39448,77
7583,70
47490,140
6916,89
24742,600
12973,200
8486,65
41276,295
30245,395
32414,89
29084,200
8547,199
7841,125
45959,217
11687,175
35297,639
22398,76
25693,275
12610,70
34010,185
32648,400
37601,95
25338,100
5610,130
4597,81
10631,180
25502,140
18209,130
25356,160
37905,80
36753,86
18462,105
43548,75
38829,70
19281,90
31325,65
36296,180
19191,450
23127,80
5966,170
16520,115
19577,249
9954,150
10951,125
48165,80
5062,140
26896,165
20847,130
13688,149
33596,150
17040,180
33048,59
19151,499
42160,225
26663,59
29910,495
37943,267
7656,80
33684,39
16254,70
35149,59
11006,109
40690,120
47740,70
43761,90
29946,68
3196,189
34083,140
23697,100
36142,75
214,68
29575,55
26129,111
3494,225
10777,45
43697,75
30771,129
45764,150
46989,35
32673,225
9924,400
19609,45
5421,118
33258,39
8758,43
41001,99
46040,45
47146,365
41565,45
47929,250
35206,54
14806,40
4411,135
46769,185
2565,95
11008,200
5221,350
3857,100
6899,52
2562,120
38714,211
10348,39
32026,100
16822,135
14526,188
8060,350
46340,220
12604,390
40320,53
26304,85
31655,80
11046,80
34586,140
18007,300
48591,99
29989,325
45214,199
33172,169
46627,139
23664,44
32785,50
29069,250
4518,250
18110,153
34224,90
21854,195
7631,149
40206,30
27781,60
9392,98
26669,165
24222,115
41200,42
34446,10
27609,54
16370,105
2959,185
11963,190
42461,100
15325,175
17388,200
29962,250
18015,50
26707,250
43281,189
3152,173
16391,95
38529,499
151,85
23890,500
36759,110
32576,46
7432,250
37172,50
40363,260
46032,136
34779,86
36711,110
48611,300
32061,175
10092,48
39290,150
10869,100
16756,140
38123,55
29142,160
48214,69
23753,125
34762,43
24179,28
15556,50
23154,80
48278,199
13975,80
43531,60
5670,57
22136,53
43226,350
35269,269
12427,375
43294,195
25130,90
6632,175
8862,75
25007,65
19142,70
23994,50
3797,91
7255,65
30363,130
45039,280
34748,89
21263,110
35610,130
23671,101
44486,134
45901,900
12569,95
43503,37
46731,177
13762,38
7092,61
43514,60
37099,153
27685,70
28787,135
7356,825
6198,40
38395,350
13365,189
46311,198
45734,75
37640,70
9134,75
40095,155
22087,229
28337,45
4591,120
46807,172
33854,69
25115,40
40124,250
13469,90
27553,225
16530,45
27532,200
26056,76
8456,199
44683,175
11830,70
28170,103
11823,100
16715,75
22096,100
33459,145
4924,151
1220,115
32007,180
27081,250
44349,60
36342,100
6662,145
29028,102
23097,235
42832,350
12312,50
36472,130
26074,135
11470,259
40573,100
45200,135
14759,85
22923,150
31658,40
28719,400
9156,65
46291,995
18207,120
48603,115
31980,50
36354,48
12456,150
9339,110
35663,80
38317,675
28296,125
24125,50
3870,99
26749,200
42624,49
41783,75
1417,60
3856,60
38982,145
18155,65
25962,85
34460,30
31766,85
7976,38
37041,110
4264,130
26762,160
1726,189
29773,60
36659,96
26465,180
40681,109
507,199
20028,149
27776,250
7123,100
46680,190
22052,105
8065,280
5884,145
41726,42
17461,40
38628,225
4182,71
36777,150
8347,80
45541,450
27550,120
13673,150
43142,38
48471,225
13896,245
46979,90
47685,63
31302,265
37939,24
43692,36
29867,200
48301,999
47477,150
47975,100
48157,250
24605,94
15844,125
29215,50
22953,545
15919,219
38766,316
46068,89
47751,135
13971,325
41094,60
23696,280
43624,100
42820,85
43180,134
10469,65
4630,89
17650,169
44646,190
2038,100
12880,500
33232,219
39295,150
23405,90
39840,32
12392,90
13904,70
41172,120
9341,120
3365,850
6762,260
6831,225
15737,43
24370,110
46203,80
131,185
38901,200
1282,300
35764,95
42071,100
26148,75
34691,50
9432,159
30485,378
40542,60
38702,321
28991,70
10976,200
21108,70
1099,68
39807,499
15699,125
27990,50
290,124
26156,95
26433,150
1004,145
16357,225
20763,100
35411,285
18040,90
640,279
18704,109
1804,160
18157,70
14448,175
26702,175
10087,37
37056,75
27494,120
27349,150
15905,112
6304,185
36664,180
19990,265
43122,95
6287,100
17331,199
44207,199
23536,125
24007,100
14301,149
39434,55
6465,190
43095,70
47640,177
46855,150
11343,185
5904,190
11085,105
17024,95
34080,75
45648,300
39979,250
36860,90
12873,165
33093,120
21380,60
22393,350
14064,125
43879,45
2187,85
27175,200
36702,85
46831,48
3959,125
41922,80
36640,85
35753,70
4761,175
33461,190
35113,144
29648,130
47814,699
35840,80
4812,99
45889,300
27482,50
33822,65
23353,70
544,100
42744,65
11828,400
13052,150
23781,45
27282,60
20397,80
28061,400
19753,69
33979,350
21566,53
43084,60
46171,191
18161,150
30044,106
12479,115
46281,500
11434,80
26561,75
27524,67
48742,90
12274,190
22484,250
32247,300
32524,180
26389,88
6755,160
4867,142
15619,120
39841,35
34414,50
40229,40
36939,150
26507,222
13090,68
8820,70
35544,62
992,90
7207,125
30661,750
33800,140
16670,239
39780,263
46433,38
29299,140
9175,120
14332,40
48869,45
3029,99
38152,114
684,599
16439,40
40622,50
10423,200
20472,57
24880,200
27477,47
4954,200
2441,90
45570,190
28966,45
18706,79
48496,379
20444,28
32555,60
27305,65
18032,250
13912,230
1617,120
45462,82
10575,90
7384,80
15688,50
15650,177
46965,950
37603,49
30168,105
21740,100
33964,50
34352,737
8826,53
16768,90
28535,70
48831,225
933,125
33655,44
33907,68
27189,175
35905,120
25345,225
13929,450
26220,95
3510,350
26842,55
37403,78
25822,50
34002,82
26559,50
40477,85
18837,25
1992,108
39624,34
48021,149
25525,295
9309,90
111,125
3153,159
16731,80
10610,90
33537,65
23904,46
15865,163
44080,111
23615,70
18728,120
45930,30
27995,210
6558,200
22911,67
9359,599
9133,150
36198,46
31456,80
30410,60
9010,269
48684,185
40286,147
44296,79
10007,100
3906,200
33661,90
30721,550
47438,48
42529,89
22267,55
6342,67
26690,475
41960,90
18156,149
29603,90
30649,205
27147,120
37661,130
20598,200
30388,49
17340,75
35908,105
5280,150
9440,115
47607,175
8939,55
35234,495
13843,87
29131,38
11803,250
3340,130
545,90
15588,41
45780,89
5833,90
42492,209
39601,150
17720,129
39890,40
31351,80
20439,36
17812,51
9009,85
8938,40
3500,150
37165,75
5960,180
40127,300
22023,250
35074,80
20416,125
19036,163
23515,80
48892,115
26940,75
17549,50
42595,250
19854,100
26987,49
2049,70
11691,70
20404,49
45844,85
13144,42
7634,190
5804,195
32864,60
35152,95
29192,60
16697,114
39995,90
34448,40
33019,60
28662,75
45318,43
22511,75
11990,100
3206,90
13553,45
23917,37
17860,80
10645,124
36323,29
42690,201
3461,175
16787,80
32900,65
6732,45
24159,75
14608,75
36842,975
13314,115
26573,43
12013,69
45477,85
48691,170
29849,150
27649,52
28142,75
32260,100
8029,65
48581,110
21968,55
27650,42
35903,130
21881,63
22192,125
25872,80
12209,182
21646,70
25379,140
38310,714
24334,157
2437,150
11648,175
21395,275
9308,100
8293,145
15186,60
7701,210
46473,289
48014,125
7262,59
13803,60
17032,325
5254,260
27219,143
26361,60
35857,37
34021,53
1490,108
13573,120
43062,800
22198,60
29865,175
45392,92
10958,95
5620,120
1044,145
32237,120
38047,73
13276,95
7211,50
32632,69
35537,120
1179,198
10122,89
30855,75
22189,75
10419,95
33742,123
26670,135
27146,105
19186,49
27264,99
37491,80
43395,175
37233,58
11968,250
23383,75
2818,99
41136,115
13000,80
2912,195
9247,75
23019,175
2559,65
3882,75
21100,100
47190,100
26845,50
32756,100
33810,57
40484,180
18477,125
31945,185
2216,130
20037,50
7522,135
21127,39
34775,55
27130,200
6371,120
31203,25
11568,170
1648,179
48156,80
18943,70
2482,65
9752,55
38761,233
47538,61
21907,178
20846,40
42598,50
3132,299
10143,165
41826,40
29729,70
42717,50
5468,39
4119,80
22216,150
14985,38
4284,199
34433,85
40864,85
26096,275
15928,480
43381,150
29800,300
29434,490
26474,113
23765,180
38535,399
17984,30
32955,85
44534,100
24387,42
46946,275
18412,795
18057,150
45549,77
18147,65
35405,89
38183,300
10466,90
34350,699
7494,60
8123,230
29424,179
25097,370
27244,100
25961,69
19250,399
7870,65
43743,54
26720,250
31086,45
18692,250
11627,95
755,300
7419,199
8467,133
16228,71
14515,90
44401,149
27946,89
17697,250
40847,120
11860,100
34855,59
37052,70
42688,375
38961,30
16288,81
15226,325
24779,175
14883,54
35339,101
30386,175
41796,500
840,300
38316,956
32791,45
42743,89
45954,550
47859,84
48847,34
44073,40
32548,155
9387,130
24408,53
15486,150
4654,200
36109,175
47535,120
25811,60
41417,229
33593,135
35506,90
33087,225
25472,55
34626,65
45366,80
2122,159
20570,170
33412,51
11070,800
12963,210
3552,80
25093,50
40634,48
37859,85
10868,85
18546,120
20316,120
33719,33
13272,154
8659,165
30255,120
46011,180
48627,98
42616,160
48507,109
31228,95
3955,100
14225,200
30601,65
28361,110
10236,250
30048,55
37844,300
564,185
8726,49
45387,90
15564,95
9556,195
14041,80
29279,170
27914,85
7775,47
15654,75
45454,90
6833,180
29125,120
41828,150
12937,250
24019,50
21092,75
32368,220
3092,175
30495,175
16882,190
13702,49
31555,51
36144,190
9608,70
24593,139
22238,138
635,80
18233,175
37999,170
19840,65
26047,60
36780,100
6933,450
34966,60
30016,95
42629,299
18288,75
47816,350
15353,80
11384,56
4388,74
24586,170
9047,300
37929,93
45733,99
17145,185
29514,100
19955,44
22773,115
12460,80
42199,650
4972,99
30340,89
47602,280
28509,185
25586,60
12188,145
16249,159
5492,60
40686,55
2508,80
1812,79
11609,110
12534,85
48568,38
348,80
25310,80
45531,650
1391,200
48358,55
29057,121
37129,99
21979,80
36487,85
7161,149
4239,160
26761,58
23547,115
23899,145
21009,35
20355,135
9888,70
41966,35
21015,200
34714,299
28720,40
46115,125
24871,160
13642,30
47657,65
18411,140
9362,95
64,55
34702,75
38659,25
35818,225
15379,49
35593,110
1580,146
41195,125
33601,180
500,500
39664,450
46352,59
24573,47
12389,60
16202,140
32653,97
1824,135
9171,150
41298,148
22255,69
24376,250
29679,50
5020,184
2810,136
23650,70
29362,50
32124,95
11304,50
25281,100
26249,370
7016,125
24579,110
13370,110
22338,105
11822,75
21623,103
19658,55
39483,48
36552,350
47735,53
37118,499
29991,76
24542,45
36511,66
36451,150
11932,55
28101,129
8872,245
31635,50
4419,185
30020,100
17403,90
15992,60
41578,125
17096,67
41628,160
1679,600
13162,249
32561,125
22653,125
40754,80
48086,130
32315,33
39007,100
27224,150
32554,125
16825,250
9226,155
11637,79
42240,55
18068,72
24264,100
34766,100
42032,65
37526,89
36076,120
13095,200
2666,90
28429,230
36672,25
29119,32
38342,220
21035,49
25076,65
2180,200
19469,80
46583,125
30608,189
18154,57
44755,150
7286,57
46899,240
1325,155
13513,165
34260,80
14918,100
11647,100
38071,85
29996,225
48515,349
15697,80
38353,86
20400,45
22899,99
23736,219
43749,65
8932,120
32080,105
14163,109
42718,53
36938,84
20503,45
2277,89
16388,65
4585,280
6338,500
17704,62
856,75
21843,115
41959,65
12453,55
19326,160
9739,95
32485,500
22051,50
48317,162
8189,65
13871,115
36538,105
20482,50
24676,110
40790,45
6917,123
3417,350
20111,199
32141,239
8744,450
10934,75
31321,100
11254,90
46299,70
44938,200
48661,45
20267,58
26955,89
41224,890
16803,120
10334,120
34947,148
38386,90
13376,199
41625,37
12623,150
26059,210
39335,68
11752,200
27297,49
38760,305
6838,95
29458,95
39023,75
34223,65
18846,130
24079,375
28646,295
7519,180
25380,75
43319,150
21348,195
28526,85
2816,125
2153,187
28539,75
34410,45
24959,197
2572,250
27401,120
42794,35
1821,199
10224,90
21240,55
10156,47
22026,51
31848,375
25438,164
37737,84
20236,85
47104,205
5113,55
28269,99
39122,60
16600,100
10644,80
19505,79
4921,79
29327,75
37879,750
47181,196
22837,60
20378,129
46702,77
5472,225
2059,200
46007,60
46655,189
13785,135
5140,65
48579,107
46933,89
6979,85
37089,65
8892,40
8290,64
8802,220
8192,132
43957,50
35092,212
25674,50
41556,135
13516,80
33083,150
37706,40
40005,50
32545,160
9760,119
11962,165
2807,104
40065,65
38170,165
35325,175
36557,575
19664,365
1704,165
36903,425
36963,75
22587,75
11311,45
35263,149
14022,120
3941,180
3488,130
45230,149
40768,99
20957,67
45314,275
42402,260
28204,79
132,50
39501,48
47345,79
15682,105
37951,75
40715,199
20337,40
27875,50
34283,150
26764,200
15666,100
17745,140
45141,115
7998,200
10629,150
10707,100
2532,145
25459,54
10792,399
848,130
13288,199
45065,90
47762,450
44773,47
14468,79
12578,80
5963,180
35589,90
34249,329
10389,73
40458,100
36151,60
16845,239
21037,125
3900,185
36370,478
19154,748
14702,175
20527,110
36714,150
41448,244
6549,100
47926,260
30108,69
24221,200
47138,175
44766,150
47661,309
38118,175
32936,50
19434,125
2322,99
38904,190
2419,95
17711,85
32822,59
44927,90
1163,160
32852,125
11042,100
33868,70
957,20
9682,75
25575,60
5583,40
5972,180
15713,197
22420,65
31928,300
25037,299
17967,92
31760,59
27770,339
41993,93
2039,100
11567,157
4166,400
27286,125
37176,32
18776,199
46492,120
11511,55
34710,217
2271,75
19504,130
9416,86
18971,225
38178,111
21985,163
6168,299
6757,300
8020,56
12224,100
40503,180
28749,33
29895,125
9746,125
44188,240
18917,45
17827,100
14370,90
17357,90
21039,233
41153,35
82,285
24443,105
19691,99
15864,100
21655,325
23829,125
31165,280
42675,129
8227,140
22316,78
6135,199
44820,58
36877,50
5590,39
8384,115
19424,534
5428,99
37017,62
8792,499
1974,90
43800,47
242,500
12497,235
31686,59
18374,92
41570,25
42929,208
28830,165
36977,670
27173,299
32965,393
14547,70
28106,70
19624,63
44223,229
1392,64
8737,50
35086,250
5460,230
40606,95
2298,85
10105,111
22902,350
17015,100
48134,150
46682,99
20553,220
40550,50
32924,169
21046,200
1984,100
1892,80
43394,26
46307,150
13229,90
39777,240
2119,150
39829,55
37702,59
46521,85
26942,345
42952,163
30739,300
6660,100
32710,100
48191,180
47458,198
14007,89
11210,60
880,110
39094,50
13526,124
19339,100
47632,50
123,100
42445,35
22828,60
29339,60
14351,98
42266,165
16752,117
38872,35
9342,109
11040,55
4483,120
36066,50
25337,290
13335,61
28017,133
20543,50
14224,90
10841,87
11880,150
27707,97
6963,70
5799,150
1662,125
27466,300
27854,95
28599,160
3957,132
17634,135
10805,180
10409,110
35232,95
19531,88
35947,90
16266,270
6934,40
23777,196
16076,45
12477,350
8161,300
13198,50
14689,69
26614,59
6561,125
27293,350
16986,230
8480,59
7772,175
43424,60
6356,119
45143,170
3729,375
39834,134
4796,115
6418,60
30557,110
48273,260
48222,70
10513,179
46474,65
39288,500
8374,75
47212,35
36571,800
35378,200
40442,250
23837,199
41255,299
41765,175
1587,60
39409,54
19589,90
17678,140
18418,65
5293,79
5297,40
47333,279
15364,239
4784,249
40365,150
17119,95
45147,120
2201,95
8372,100
29291,80
8944,700
46719,195
58,49
17396,175
311,59
22669,65
14493,45
13864,80
30350,99
4592,85
19670,150
46091,285
10728,150
44103,95
5412,50
23059,44
10738,100
23825,150
24133,100
16642,79
47842,260
26883,95
43799,200
28266,125
19176,110
17278,35
39925,200
40543,307
14020,65
23557,39
37392,180
38288,400
46594,350
22438,169
21966,85
24468,50
11579,180
29325,35
10403,52
4339,160
34119,100
36752,35
18666,55
42076,199
43542,160
46347,280
24587,100
22895,78
11905,110
6278,50
6427,140
15517,130
40924,40
24730,85
17518,399
6443,180
45928,150
12286,132
37310,65
39815,55
4457,55
5745,86
14709,100
8159,80
27737,175
37658,49
20385,100
22296,250
20277,139
40608,90
38405,64
43963,55
5021,45
4801,205
43174,120
32366,110
29513,70
18098,95
10453,80
23892,210
26477,222
7141,145
8237,350
43144,165
7150,95
40441,19
13340,101
16131,125
27257,55
38181,109
12451,115
40559,400
1295,145
45138,310
15591,500
20177,140
19606,179
23423,138
43677,100
38371,33
24802,320
42187,85
8649,169
43816,170
37861,120
32716,25
29128,271
44000,89
14811,125
7444,84
36905,150
27216,196
43650,225
48429,180
38493,70
4705,220
22418,195
17474,65
46033,65
35521,150
39539,200
13751,90
32869,300
4975,80
11171,40
3773,65
24033,191
24083,60
15440,180
39531,160
10100,195
48819,50
18779,65
13050,90
29797,72
41768,74
415,79
395,395
8929,145
40839,349
10593,175
18405,75
20810,140
47484,100
21619,75
7138,63
7171,139
20735,137
4309,100
24346,45
47259,450
8637,399
35666,100
28285,210
1055,299
38647,65
30172,500
24306,49
19663,92
10,135
10378,107
4970,150
5893,240
46378,225
35048,115
28104,129
17684,270
32132,150
36258,70
13508,210
38850,55
40886,700
39584,444
20585,290
5001,275
38481,45
27925,70
33989,99
32587,299
41058,120
19537,185
37210,65
47370,250
9570,35
30332,80
690,80
24473,54
25454,80
21902,45
11280,260
11231,135
34817,60
13615,275
7317,70
25022,59
42269,65
19495,195
3449,85
41640,425
45505,109
43214,90
39180,60
18022,400
6379,89
45378,100
14147,60
30990,188
26366,160
22194,105
11259,100
28433,90
28081,130
20987,47
38423,150
35323,76
23187,100
46677,225
37116,44
2179,38
47137,200
38548,89
17688,350
34279,150
24474,55
28591,56
34998,180
34676,76
523,169
15005,175
43828,81
40082,70
43789,88
43202,106
26006,88
13406,90
30991,140
3853,85
48414,39
21684,36
4912,250
21082,550
45388,200
15825,175
29303,78
28754,225
25820,49
27351,47
38831,750
6780,70
35281,90
20291,30
24316,95
36626,50
26269,85
1373,249
37808,113
41069,289
26807,100
42298,99
18132,140
26988,70
43206,65
14111,99
28874,145
27528,31
23041,85
18307,51
19471,125
23826,250
28141,850
39860,32
47680,180
22138,115
1598,245
45161,75
11783,40
7259,159
36014,50
17714,159
24134,105
6927,155
38359,230
6997,290
24911,110
37828,692
9153,190
38864,245
24225,200
9581,150
38239,45
23420,85
11437,100
22150,60
22004,50
24761,500
18937,68
1103,39
27760,70
1210,130
41232,135
22441,120
11392,80
32329,140
24085,140
37993,269
21817,99
8557,140
5661,200
32979,100
17475,70
35977,50
4520,67
37665,45
24983,29
48616,400
17150,195
14229,60
48241,99
40756,255
726,485
758,299
47911,59
42394,70
14718,26
45833,120
47294,99
21805,350
3023,55
48281,139
44171,35
5822,80
20576,100
36926,199
45730,150
33155,225
7566,65
23690,225
35616,40
5275,145
38595,190
18339,250
20889,895
17884,29
48256,150
36449,185
19289,125
39530,250
45331,300
27954,68
24057,120
34183,55
41164,100
7754,45
423,96
11603,150
26638,169
39283,293
24567,85
17583,175
3383,320
20784,128
42416,45
428,295
11526,104
10057,85
15642,45
23631,40
25885,125
29354,149
28043,38
27919,60
35555,50
27690,195
32662,99
12439,199
3493,180
39264,75
20917,130
44292,239
21198,66
24623,100
17828,57
4059,150
47188,40
39070,45
32992,99
41589,140
38918,160
28649,90
36216,125
5222,165
4148,140
26691,750
35902,169
12208,150
7030,249
18460,149
885,135
23174,254
26007,170
29776,78
31625,149
39417,145
28235,99
4773,250
16726,85
9776,80
42821,41
10063,75
35964,60
45599,299
23792,160
40965,140
2956,110
32507,114
33257,59
14379,37
23545,1000
39420,45
27205,215
37952,50
26760,150
29830,89
35954,110
44107,149
44814,58
30530,105
48561,466
13537,36
31083,100
13588,59
44977,100
9671,70
28506,142
19536,209
7458,200
13576,160
3632,160
1738,225
19945,500
8352,70
17336,65
9900,68
29993,65
13796,80
3462,199
46890,150
46477,125
20479,97
5409,75
8021,210
47116,159
17267,198
29914,119
1123,99
9436,75
35403,80
24458,125
1193,45
6133,139
8530,1000
32885,110
25849,150
26488,400
47985,48
38701,320
28828,100
14410,75
17588,100
8533,80
21587,175
26809,130
18466,75
47126,400
17393,175
37967,85
29533,74
40355,80
8206,445
7282,80
40527,69
15536,100
4293,100
32761,80
910,200
22160,100
22066,37
3164,150
19922,19
14921,115
27805,228
2583,61
15677,980
30378,37
4941,500
43538,240
31672,55
31944,795
23164,100
28891,150
34309,70
11222,275
13411,175
32765,499
13696,149
22865,100
26084,65
11147,89
4655,57
41766,78
6848,109
12311,120
2453,142
4944,150
46018,77
24893,65
22478,235
23859,130
8943,245
10899,185
30218,125
39528,180
19598,99
5985,60
40778,120
40917,65
12817,75
41135,45
41687,80
28324,325
817,139
45943,92
34875,52
10981,165
16906,100
36492,80
18459,79
11354,60
4162,85
7665,48
46617,85
37355,165
35367,150
38974,75
589,199
23592,80
33424,38
35287,60
27200,170
20197,95
6290,250
36458,39
10742,199
197,195
727,310
46166,30
310,110
31870,50
3542,75
19110,462
34521,150
33313,400
48162,51
44413,595
36930,125
17831,38
44372,500
18986,69
8430,247
41261,150
44979,100
38150,72
46650,150
9237,205
41583,999
28215,35
29728,60
5777,50
42764,199
40585,400
33024,100
31390,150
20157,250
6079,180
10929,455
8981,180
3558,33
48294,45
14693,200
7091,150
17806,70
20251,79
46458,245
41637,188
42759,700
4716,90
44963,100
4899,155
21315,63
34680,30
47155,85
22879,120
4135,69
21747,50
26417,80
23832,90
39235,175
25255,196
29233,150
47708,50
2976,99
12239,40
21810,74
47927,599
3070,115
47892,199
2279,110
16849,239
39126,55
2650,75
43263,190
5714,119
33390,50
13161,215
29908,100
12461,110
6484,80
4659,200
1197,145
15485,70
43504,395
7610,150
43889,34
7363,120
30484,175
21372,126
48321,30
38955,55
32278,86
2120,99
46874,58
12105,90
16733,55
42822,144
25724,200
31714,80
47792,299
17017,50
30942,160
20871,50
22384,81
48215,95
47980,40
40170,99
8342,55
8377,85
1866,130
38246,195
11373,300
35860,100
23576,110
5943,69
18738,48
19771,250
8906,59
18621,175
1795,150
3019,110
11676,100
41940,100
30841,40
35459,250
6738,100
47965,99
2916,96
26925,55
16056,95
45262,60
21096,165
42958,60
28421,143
25709,118
23157,225
15420,200
45449,51
35402,130
24018,105
204,200
41362,245
41591,60
2409,79
37888,201
25876,37
12975,139
45115,580
33650,45
5100,119
22385,90
26862,50
39329,100
22016,65
47664,600
7602,90
39394,220
25067,154
888,245
47591,85
48284,90
38247,50
29265,150
27295,50
28301,99
20504,100
1695,105
24174,173
24452,550
45322,449
18058,295
40139,35
47521,89
3421,125
30939,75
28596,625
8214,89
35471,100
686,220
13841,400
33238,60
32634,65
3892,40
29936,45
5705,225
22428,47
41101,75
9710,80
27820,196
6972,150
1355,275
30714,89
24289,100
45162,100
22445,550
16055,65
10474,300
26651,100
18435,330
22297,40
43813,225
26482,94
3764,369
47646,125
30352,43
30088,42
2791,121
44918,153
43418,800
44581,60
44475,190
22775,33
28463,295
10154,52
16556,150
34520,123
1737,45
6564,199
41150,295
15146,125
18531,175
22883,175
46079,50
42362,48
23925,165
22839,124
21977,210
213,69
25982,50
46386,55
7109,125
33952,130
17789,125
27835,200
14077,30
8332,100
48685,50
33158,170
5226,130
43391,175
25056,110
11221,60
19523,75
31463,116
14346,110
12107,51
35929,150
24108,55
13356,166
31177,53
8614,100
23148,229
39727,55
27417,80
3689,1000
39431,55
12953,75
14293,57
33839,88
40291,125
22471,60
5431,275
2793,99
2097,235
2661,210
41593,140
38806,329
40780,150
8796,145
39879,120
21694,109
12463,450
21723,60
9501,170
17636,200
8754,170
24817,175
23747,80
24793,150
24770,165
1056,77
26391,50
41207,190
29731,149
11801,200
33284,80
34455,120
27115,75
37793,60
168,165
5855,300
7071,160
46695,198
9930,130
41575,60
13710,100
44462,750
11921,250
1061,90
19871,125
24453,70
4089,50
1642,125
27089,143
36637,220
14863,152
41824,90
45899,195
17533,525
23991,50
2707,35
24410,130
11273,115
43874,95
8655,145
43894,20
44210,75
9019,180
10879,135
22239,125
14824,133
31384,120
42446,39
4036,150
3683,185
11659,95
32213,55
1312,133
1965,30
36488,85
19526,39
196,55
2848,48
18828,199
19346,37
26195,60
42273,40
28051,195
6586,80
29285,170
20188,176
17948,170
39969,89
38571,200
5484,233
2521,100
801,110
1744,140
41923,120
16379,40
45031,945
48151,89
22431,105
37925,70
17221,135
6454,180
11549,170
45642,27
38921,42
894,75
16145,45
